-9.97930960089377E-10 , 0.00213623209856451, 0.111010782420635
-9.85430959055122E-10 , 0.00213623209856451, 0.107959024608135
-9.72930958020868E-10 , -0.00872803386300802, 0.106866493821144
-9.60430956986613E-10 , -0.017150891944766, 0.107080116868019
-9.47930955952359E-10 , 6.10351999057457E-05, 0.113586470484734
-9.35430954918104E-10 , 0.00665283668786287, 0.12520757317543
-9.22931009395001E-10 , -0.0548096112906933, 0.13497319817543
-9.10431008360746E-10 , 0.00823975168168545, 0.143450990319252
-8.97931007326491E-10 , 0.0252685733139515, 0.152941972017288
-8.85431006292237E-10 , -0.0220947414636612, 0.163238599896431
-8.72931005257982E-10 , -0.00299072475172579, 0.17136238515377
-8.60431004223727E-10 , 0.0118408286944032, 0.177948087453842
-8.47931003189473E-10 , -0.0128784272819757, 0.179333582520485
-8.35431002155218E-10 , 0.00573730887845159, 0.177276700735092
-8.22931001120963E-10 , 0.019470227882266, 0.179614350199699
-8.10431000086709E-10 , 0.0196533352136612, 0.179522797465324
-7.97930999052454E-10 , 0.0289917197078466, 0.162158280611038
-7.85430998018199E-10 , 0.0322265848517418, 0.157318189740181
-7.72930996983945E-10 , 0.0133667085319757, 0.146997138857841
-7.6043099594969E-10 , -0.00567627372220159, 0.131488099694252
-7.47930994915436E-10 , 0.00555420340970159, 0.123809866607189
-7.35430993881181E-10 , 0.0158081166446209, 0.114166304469109
-7.22930992846926E-10 , 0.0051879920065403, 0.109173625707626
-7.10430991812672E-10 , -0.00738525902852416, 0.103564493358135
-6.97930990778417E-10 , -0.00354004162363708, 0.106103554368019
-6.85430989744162E-10 , -0.00292968959547579, 0.108587689697742
-6.72930988709908E-10 , 0.00463867513462901, 0.113769575953484
-6.60430987675653E-10 , 0.0131836030632257, 0.123370409011841
-6.47930986641398E-10 , 0.0119018638506532, 0.136303767561913
-6.35430985607144E-10 , -0.0218506008386612, 0.143151924014091
-6.22930984572889E-10 , -0.0606079548597336, 0.154821842908859
-6.10430983538635E-10 , -0.0136108491569757, 0.17160652577877
-5.9793098250438E-10 , 0.00885010417550802, 0.172393888235092
-5.85430981470125E-10 , -0.00781250558793545, 0.180200278759003
-5.72930980435871E-10 , 0.00451660482212901, 0.179724216461182
-5.60430979401616E-10 , 0.00323486560955644, 0.178472995758057
-5.47930978367361E-10 , -0.0302124246954918, 0.180755704641342
-5.35430977333107E-10 , -0.0459595061838627, 0.176037684082985
-5.22930976298852E-10 , 0.00360107677988708, 0.167175367474556
-5.10430975264597E-10 , 0.0158081166446209, 0.158172681927681
-4.97930974230343E-10 , -0.000671387184411287, 0.143212959170341
-4.85430973196088E-10 , 0.018798841163516, 0.128741502761841
-4.72930972161834E-10 , 0.00878906901925802, 0.120953418314457
-4.60430998883155E-10 , -0.000671387184411287, 0.116534471511841
-4.479309978489E-10 , 0.00274658389389515, 0.10951542109251
-4.35430996814645E-10 , -0.00115966878365725, 0.104046665132046
-4.22930995780391E-10 , 0.000854492769576609, 0.106213420629501
-4.10430994746136E-10 , 0.00366211193613708, 0.1117187961936
-3.97930993711881E-10 , 0.017333997413516, 0.116198778152466
-3.85430992677627E-10 , -0.00683594215661287, 0.124151661992073
-3.72930991643372E-10 , -0.0158081166446209, 0.13326421380043
-3.60430990609117E-10 , 0.00463867513462901, 0.145495668053627
-3.47930989574863E-10 , 0.0116577232256532, 0.154467850923538
-3.35430988540608E-10 , 0.017822278663516, 0.170050129294395
-3.22930987506354E-10 , 0.0143432719632983, 0.175219818949699
-3.10430986472099E-10 , 0.017028821632266, 0.174749836325645
-2.97930985437844E-10 , 0.0126342866569757, 0.181182950735092
-2.8543098440359E-10 , 0.00372314709238708, 0.180127039551735
-2.72930983369335E-10 , 0.00451660482212901, 0.18113411962986
-2.6043098233508E-10 , 0.00305175990797579, 0.172821134328842
-2.47930981300826E-10 , 0.0164184682071209, 0.16391609609127
-2.35430980266571E-10 , -0.0106201246380806, 0.152423173189163
-2.22930979232316E-10 , -0.0125122163444757, 0.145031809806824
-2.10430978198062E-10 , -0.0120239341631532, 0.132037416100502
-1.97930977163807E-10 , -0.00091552798403427, 0.120745897293091
-1.85430976129553E-10 , 0.0153808705508709, 0.118011519312859
-1.72930975095298E-10 , -0.0339355729520321, 0.110437050461769
-1.60430987938831E-10 , 0.00213623209856451, 0.106134071946144
-1.47930986904576E-10 , 0.00268554873764515, 0.104534953832626
-1.35430985870322E-10 , 0.00732422387227416, 0.111389204859734
-1.22930984836067E-10 , -0.00634766090661287, 0.112109415233135
-1.10430983801812E-10 , -0.00823975168168545, 0.12294927239418
-9.79309827675579E-11 , -0.00653076637536287, 0.135394349694252
-8.54309817333032E-11 , 0.0233154464513063, 0.145825266838074
-7.29309806990486E-11 , 0.017517102882266, 0.160485923290253
-6.04309796647939E-11 , 0.00231933756731451, 0.16856087744236
-4.79309786305393E-11 , 0.00433349935337901, 0.178210541605949
-3.54309810657316E-11 , 0.0221557784825563, 0.178137302398682
-2.2930980031477E-11 , 0.0142822368070483, 0.182269379496574
-1.04309798645841E-11 , -0.00195312639698386, 0.184253022074699
2.06902030230882E-12 , 0.0097656324505806, 0.178399741649628
1.45690213365635E-11 , -0.0147094829007983, 0.17161263525486
2.70690206360946E-11 , -0.0120239341631532, 0.162768632173538
3.95690216703493E-11 , -0.00622559059411287, 0.158013984560966
5.20690227046039E-11 , -0.00134277436882257, 0.142883360385895
6.45690237388585E-11 , -0.00592041434720159, 0.128210499882698
7.70690247731132E-11 , 0.017517102882266, 0.118103072047234
8.95690188684739E-11 , -0.00848389323800802, 0.109277382493019
1.02069019902729E-10 , -0.0147094829007983, 0.103796422481537
1.14569020936983E-10 , -0.0211792141199112, 0.107019081711769
1.27069021971238E-10 , -0.0290527548640966, 0.109979286789894
1.39569023005492E-10 , -0.0215454250574112, 0.110089153051376
1.52069024039747E-10 , -0.00720215355977416, 0.116699263453484
1.64569025074002E-10 , -0.0153808705508709, 0.12526860833168
1.77069026108256E-10 , -0.0101318433880806, 0.135205134749413
1.89569027142511E-10 , -0.0305176004767418, 0.144372627139091
2.02069028176766E-10 , -0.0348511002957821, 0.154974430799484
2.1456902921102E-10 , -0.0103149488568306, 0.164929285645485
2.27069030245275E-10 , -0.017700208351016, 0.174224942922592
2.3956903127953E-10 , -0.0302124246954918, 0.179455652832985
2.52069032313784E-10 , -0.00164795038290322, 0.181286707520485
2.64569033348039E-10 , -0.000488281599245965, 0.18552865087986
2.77069034382293E-10 , -0.0115356529131532, 0.179980561137199
2.89569035416548E-10 , 0.0390014909207821, 0.17032478749752
3.02069036450803E-10 , -0.0424804985523224, 0.165527418255806
3.14569037485057E-10 , -0.00354004162363708, 0.150109931826591
3.27069038519312E-10 , 0.00439453450962901, 0.140210017561913
3.39569011797991E-10 , 0.0230713058263063, 0.131610170006752
3.52069012832246E-10 , -0.0135498140007257, 0.119036912918091
3.645690138665E-10 , 0.00335693592205644, 0.112786911427975
3.77069014900755E-10 , -0.0123901460319757, 0.110833778977394
3.8956901593501E-10 , -0.0100097730755806, 0.107507362961769
4.02069016969264E-10 , 0.0202026516199112, 0.108502238988876
4.14569018003519E-10 , -0.00561523856595159, 0.109472699463367
4.27069019037774E-10 , 0.0202026516199112, 0.115338183939457
4.39569020072028E-10 , -0.00592041434720159, 0.130413874983788
4.52069021106283E-10 , 0.0161132924258709, 0.140576228499413
4.64569022140537E-10 , 0.00329590076580644, 0.147113099694252
4.77069050930368E-10 , -0.00653076637536287, 0.16104744374752
4.89569051964622E-10 , -0.0164795033633709, 0.170050129294395
5.02069052998877E-10 , -0.0252685733139515, 0.174939051270485
5.14569054033132E-10 , -0.0118408286944032, 0.180261313915253
5.27069055067386E-10 , 0.00158691522665322, 0.181372165679932
5.3956900059049E-10 , 0.00329590076580644, 0.183081150054932
5.52069001624744E-10 , 0.00964356120675802, 0.179528892040253
5.64569002658999E-10 , 0.00848389323800802, 0.172686845064163
5.77069003693254E-10 , -0.0052490271627903, 0.159027174115181
5.89569004727508E-10 , 0.00469971029087901, 0.154528886079788
6.02069005761763E-10 , 0.0125122163444757, 0.138592585921288
6.14569006796017E-10 , 0.0321655496954918, 0.123590141534805
6.27069007830272E-10 , 0.0132446382194757, 0.12032475322485
6.39569008864527E-10 , -0.0144653422757983, 0.114239543676376
6.52069009898781E-10 , -0.0097656324505806, 0.105743445456028
6.64569010933036E-10 , -0.0136108491569757, 0.105889931321144
6.77069011967291E-10 , -0.0098266676068306, 0.108441203832626
6.89569013001545E-10 , 0.000305176014080644, 0.113159224390984
7.020690140358E-10 , 0.00689697777852416, 0.122515916824341
7.14569015070055E-10 , 0.00189209124073386, 0.127923637628555
7.27069016104309E-10 , -0.0139160258695483, 0.139294490218163
7.39569017138564E-10 , 0.0104980543255806, 0.147473216056824
7.52069018172818E-10 , 0.019409192726016, 0.158172681927681
7.64569019207073E-10 , -0.0164184682071209, 0.164721757173538
7.77069020241328E-10 , -0.0153198353946209, 0.174694910645485
7.89569021275582E-10 , 0.0155639760196209, 0.176965415477753
8.02069022309837E-10 , 0.0162963978946209, 0.183923438191414
8.14569023344092E-10 , 0.0161132924258709, 0.184448331594467
8.27069024378346E-10 , 0.0198364406824112, 0.176953211426735
8.39569025412601E-10 , 0.0307007059454918, 0.170373618602753
8.52069026446856E-10 , -0.0117187583819032, 0.164123609662056
8.6456902748111E-10 , -0.018249524757266, 0.155999824404716
8.77069028515365E-10 , 0.0054931677877903, 0.132446348667145
8.89569029549619E-10 , -0.0281372275203466, 0.123547412455082
9.02069030583874E-10 , 0.00915527995675802, 0.117163129150867
9.14569031618129E-10 , -0.0248413272202015, 0.109655804932117
9.27069032652383E-10 , -0.00384521763771772, 0.106738321483135
9.39568978175487E-10 , -0.00451660482212901, 0.108404584228992
9.52068979209741E-10 , -0.0263672061264515, 0.107855267822742
9.64568980243996E-10 , -0.0103759840130806, 0.113055467605591
9.77068981278251E-10 , -0.0125122163444757, 0.122570849955082
