-9.97930960089377E-10 , -0.000976563198491931, 0.166314780712128
-9.85430959055122E-10 , 0.0240478683263063, 0.175616547465324
-9.72930958020868E-10 , 0.0455932952463627, 0.17624519765377
-9.60430956986613E-10 , -0.0470581389963627, 0.181677341461182
-9.47930955952359E-10 , 0.0278930868953466, 0.178332611918449
-9.35430954918104E-10 , -0.0126342866569757, 0.178039640188217
-9.22931009395001E-10 , -0.0119018638506532, 0.174157798290253
-9.10431008360746E-10 , 0.0132446382194757, 0.169030845165253
-8.97931007326491E-10 , -0.00109863362740725, 0.163287431001663
-8.85431006292237E-10 , -0.00317383045330644, 0.156146317720413
-8.72931005257982E-10 , 0.0227050948888063, 0.147747874259949
-8.60431004223727E-10 , 0.0230102706700563, 0.126348927617073
-8.47931003189473E-10 , 0.00793457590043545, 0.125494435429573
-8.35431002155218E-10 , 0.0162963978946209, 0.118475392460823
-8.22931001120963E-10 , 0.00836182199418545, 0.113293498754501
-8.10431000086709E-10 , 0.00561523856595159, 0.109692424535751
-7.97930999052454E-10 , -0.0228271652013063, 0.110821574926376
-7.85430998018199E-10 , 0.0152588002383709, 0.110266156494617
-7.72930996983945E-10 , -0.00677490700036287, 0.107006877660751
-7.6043099594969E-10 , 0.00811768136918545, 0.115301556885242
-7.47930994915436E-10 , 0.00201416155323386, 0.126989796757698
-7.35430993881181E-10 , 0.0146484477445483, 0.131543025374413
-7.22930992846926E-10 , 0.0053710974752903, 0.135333314538002
-7.10430991812672E-10 , -0.00109863362740725, 0.149310365319252
-6.97930990778417E-10 , 0.00756836496293545, 0.155310124158859
-6.85430989744162E-10 , -0.0098266676068306, 0.161938548088074
-6.72930988709908E-10 , 0.00866699870675802, 0.167437821626663
-6.60430987675653E-10 , -0.000610352028161287, 0.171624839305878
-6.47930986641398E-10 , -0.00396728795021772, 0.17386482656002
-6.35430985607144E-10 , -0.0200195461511612, 0.175097748637199
-6.22930984572889E-10 , -0.0279541220515966, 0.179797455668449
-6.10430983538635E-10 , -0.018066419288516, 0.178070157766342
-5.9793098250438E-10 , -0.0101318433880806, 0.17386482656002
-5.85430981470125E-10 , -0.0115356529131532, 0.169360429048538
-5.72930980435871E-10 , -0.00274658389389515, 0.165106281638145
-5.60430979401616E-10 , 0.0053100623190403, 0.156756669282913
-5.47930978367361E-10 , 0, 0.142358466982841
-5.35430977333107E-10 , 0.00183105596806854, 0.138501033186913
-5.22930976298852E-10 , 0.00762940011918545, 0.129498347640038
-5.10430975264597E-10 , 0.0209350734949112, 0.123730517923832
-4.97930974230343E-10 , 0.00335693592205644, 0.118164107203484
-4.85430973196088E-10 , -0.00701904809102416, 0.114080853760242
-4.72930972161834E-10 , 0.0168457143008709, 0.116027876734734
-4.60430998883155E-10 , 0.00836182199418545, 0.111645549535751
-4.479309978489E-10 , 0.0148925883695483, 0.109619185328484
-4.35430996814645E-10 , 0.00476074544712901, 0.115637250244617
-4.22930995780391E-10 , -0.00195312639698386, 0.121185354888439
-4.10430994746136E-10 , -0.00836182199418545, 0.124139457941055
-3.97930993711881E-10 , -0.00213623209856451, 0.131793275475502
-3.85430992677627E-10 , 0.00476074544712901, 0.14425665140152
-3.72930991643372E-10 , 0.00433349935337901, 0.148669496178627
-3.60430990609117E-10 , -0.00341797107830644, 0.157519608736038
-3.47930989574863E-10 , -0.017089856788516, 0.166693195700645
-3.35430988540608E-10 , -0.0261230655014515, 0.172943204641342
-3.22930987506354E-10 , -0.0260620303452015, 0.171661466360092
-3.10430986472099E-10 , -0.017639173194766, 0.172973722219467
-2.97930985437844E-10 , -0.00305175990797579, 0.175293058156967
-2.8543098440359E-10 , 0.00555420340970159, 0.17710579931736
-2.72930983369335E-10 , 0.00634766090661287, 0.177374362945557
-2.6043098233508E-10 , 0.0152588002383709, 0.16959847509861
-2.47930981300826E-10 , -0.00219726725481451, 0.168237388134003
-2.35430980266571E-10 , 0.0015258799539879, 0.152111887931824
-2.22930979232316E-10 , -0.0123291099444032, 0.147509828209877
-2.10430978198062E-10 , -0.0372925065457821, 0.138732969760895
-1.97930977163807E-10 , -0.0399170219898224, 0.134509339928627
-1.85430976129553E-10 , -0.00415039341896772, 0.12716069817543
-1.72930975095298E-10 , -0.00573730887845159, 0.119000293314457
-1.60430987938831E-10 , -0.00872803386300802, 0.116076707839966
-1.47930986904576E-10 , -0.019348157569766, 0.111016891896725
-1.35430985870322E-10 , -0.0167236439883709, 0.110229536890984
-1.22930984836067E-10 , 0.0147705180570483, 0.109619185328484
-1.10430983801812E-10 , 0.0118408286944032, 0.11287846416235
-9.79309827675579E-11 , -0.00885010417550802, 0.114593550562859
-8.54309817333032E-11 , -0.0415649712085724, 0.120275929570198
-7.29309806990486E-11 , 0.0118408286944032, 0.129748597741127
-6.04309796647939E-11 , 0.0281982626765966, 0.136938542127609
-4.79309786305393E-11 , 0.0118408286944032, 0.145617738366127
-3.54309810657316E-11 , 0.0103149488568306, 0.155572578310966
-2.2930980031477E-11 , 0.0269165225327015, 0.162774741649628
-1.04309798645841E-11 , 0.0051269568502903, 0.175445646047592
2.06902030230882E-12 , 0.0157470814883709, 0.178479090332985
1.45690213365635E-11 , 0.0050048865377903, 0.176892176270485
2.70690206360946E-11 , -0.0151977650821209, 0.179742515087128
3.95690216703493E-11 , -0.0130615327507257, 0.178680509328842
5.20690227046039E-11 , -0.017883313819766, 0.17465828359127
6.45690237388585E-11 , 0.018615735694766, 0.173669517040253
7.70690247731132E-11 , -0.0371094010770321, 0.167816236615181
8.95690188684739E-11 , -0.0303955301642418, 0.159161448478699
1.02069019902729E-10 , 0.0153198353946209, 0.154065012931824
1.14569020936983E-10 , -0.000854492769576609, 0.14486700296402
1.27069021971238E-10 , 0.0208740383386612, 0.133886784315109
1.39569023005492E-10 , 0.0216674953699112, 0.131042540073395
1.52069024039747E-10 , 0.00811768136918545, 0.126074269413948
1.64569025074002E-10 , -0.00793457590043545, 0.119055226445198
1.77069026108256E-10 , -0.0441894829273224, 0.114654585719109
1.89569027142511E-10 , 0.000671387184411287, 0.112219281494617
2.02069028176766E-10 , -0.00384521763771772, 0.108227580785751
2.1456902921102E-10 , -0.0014038096414879, 0.110943645238876
2.27069030245275E-10 , -0.00366211193613708, 0.113098189234734
2.3956903127953E-10 , 0.00115966878365725, 0.118804976344109
2.52069032313784E-10 , 0.00317383045330644, 0.128881886601448
2.64569033348039E-10 , -0.00433349935337901, 0.132727101445198
2.77069034382293E-10 , 0.0054931677877903, 0.144714415073395
2.89569035416548E-10 , 0.0341797135770321, 0.146856755018234
3.02069036450803E-10 , 0.000610352028161287, 0.159802317619324
3.14569037485057E-10 , -0.0344238542020321, 0.168341144919395
3.27069038519312E-10 , 0.00689697777852416, 0.168780595064163
3.39569011797991E-10 , -0.0136108491569757, 0.176751792430878
3.52069012832246E-10 , -0.0052490271627903, 0.177282810211182
3.645690138665E-10 , -0.00903320964425802, 0.174340903759003
3.77069014900755E-10 , -0.0052490271627903, 0.173901453614235
3.8956901593501E-10 , -0.0100708082318306, 0.17460335791111
4.02069016969264E-10 , -0.0106201246380806, 0.169506922364235
4.14569018003519E-10 , -0.00811768136918545, 0.163684159517288
4.27069019037774E-10 , -0.00439453450962901, 0.158209308981895
4.39569020072028E-10 , -0.00195312639698386, 0.152618482708931
4.52069021106283E-10 , -0.00268554873764515, 0.13778081536293
4.64569022140537E-10 , 0.00714111840352416, 0.131262257695198
4.77069050930368E-10 , -0.0206909328699112, 0.125439509749413
4.89569051964622E-10 , 0.018371595069766, 0.114801071584225
5.02069052998877E-10 , 0.017822278663516, 0.114349409937859
5.14569054033132E-10 , -0.0202636867761612, 0.109960980713367
5.27069055067386E-10 , 0.0135498140007257, 0.111822552978992
5.3956900059049E-10 , 0.0233154464513063, 0.11110233515501
5.52069001624744E-10 , 0.0161743275821209, 0.114324994385242
5.64569002658999E-10 , -0.0242920089513063, 0.1175781711936
5.77069003693254E-10 , -0.0195312649011612, 0.124694876372814
5.89569004727508E-10 , -0.0235595870763063, 0.13284307718277
6.02069005761763E-10 , -0.0116577232256532, 0.139935359358788
6.14569006796017E-10 , -0.0164184682071209, 0.146661445498466
6.27069007830272E-10 , -0.00909424480050802, 0.154205396771431
6.39569008864527E-10 , -0.00939942058175802, 0.164697349071503
6.52069009898781E-10 , -0.0121460044756532, 0.167773514986038
6.64569010933036E-10 , 0.017028821632266, 0.172107011079788
6.77069011967291E-10 , 0.0098877027630806, 0.177246183156967
6.89569013001545E-10 , 0.00823975168168545, 0.180719077587128
7.020690140358E-10 , -0.0145263774320483, 0.177191257476807
7.14569015070055E-10 , 0.000610352028161287, 0.175976648926735
7.27069016104309E-10 , 0.00360107677988708, 0.169970780611038
7.39569017138564E-10 , 0.018920911476016, 0.163006663322449
7.52069018172818E-10 , 0.00671387184411287, 0.15866707265377
7.64569019207073E-10 , -0.00610351981595159, 0.152148514986038
7.77069020241328E-10 , -0.0110473707318306, 0.139032050967216
7.89569021275582E-10 , 0.0333862528204918, 0.133459523320198
8.02069022309837E-10 , 0.00671387184411287, 0.124206595122814
8.14569023344092E-10 , -0.00854492839425802, 0.120489552617073
8.27069024378346E-10 , 0.00305175990797579, 0.113964885473251
8.39569025412601E-10 , 0.00860596355050802, 0.112786911427975
8.52069026446856E-10 , 0.0350952409207821, 0.108679242432117
8.6456902748111E-10 , -0.0314941629767418, 0.109991498291492
8.77069028515365E-10 , 0.000366211199434474, 0.11262821406126
8.89569029549619E-10 , 0.0327759012579918, 0.1163574680686
9.02069030583874E-10 , 0.0480957366526127, 0.124530084431171
9.14569031618129E-10 , -0.00842285715043545, 0.127014219760895
9.27069032652383E-10 , -0.0203857570886612, 0.140057429671288
9.39568978175487E-10 , -0.0159301869571209, 0.145440742373466
9.52068979209741E-10 , -0.00122070405632257, 0.153765946626663
9.64568980243996E-10 , 0.00598144950345159, 0.158374100923538
9.77068981278251E-10 , -0.00799561105668545, 0.168451011180878
