-9.97930960089377E-10 , 0.00958252605050802, 0.159961014986038
-9.85430959055122E-10 , 6.10351999057457E-05, 0.143017649650574
-9.72930958020868E-10 , 0.00378418248146772, 0.132977351546288
-9.60430956986613E-10 , 0.00708008324727416, 0.121478319168091
-9.47930955952359E-10 , 0.00292968959547579, 0.115979053080082
-9.35430954918104E-10 , -0.0225219894200563, 0.113275192677975
-9.22931009395001E-10 , -0.0114746177569032, 0.106286659836769
-9.10431008360746E-10 , -0.00164795038290322, 0.109655804932117
-8.97931007326491E-10 , -0.0148925883695483, 0.10927128046751
-8.85431006292237E-10 , -0.0168457143008709, 0.113220259547234
-8.72931005257982E-10 , -0.0108642652630806, 0.121246390044689
-8.60431004223727E-10 , 0.0051269568502903, 0.12832036614418
-8.47931003189473E-10 , -0.00866699870675802, 0.139306709170341
-8.35431002155218E-10 , 0.00299072475172579, 0.150506660342216
-8.22931001120963E-10 , -0.0165405385196209, 0.163116529583931
-8.10431000086709E-10 , 0.00561523856595159, 0.171325773000717
-7.97930999052454E-10 , -0.00708008324727416, 0.17655648291111
-7.85430998018199E-10 , -0.00555420340970159, 0.18211068212986
-7.72930996983945E-10 , 0.0109863355755806, 0.187713712453842
-7.6043099594969E-10 , 0.0156860463321209, 0.191247656941414
-7.47930994915436E-10 , 0.00402832310646772, 0.191546723246574
-7.35430993881181E-10 , -0.00830078683793545, 0.185571387410164
-7.22930992846926E-10 , 0.00408935826271772, 0.17850960791111
-7.10430991812672E-10 , 0.0232544112950563, 0.169195637106895
-6.97930990778417E-10 , 0.0253906436264515, 0.160601884126663
-6.85430989744162E-10 , 0.00317383045330644, 0.151434391736984
-6.72930988709908E-10 , -0.0156250111758709, 0.137579411268234
-6.60430987675653E-10 , -0.0253906436264515, 0.126702934503555
-6.47930986641398E-10 , 0.0311279520392418, 0.122729539871216
-6.35430985607144E-10 , -0.0154419057071209, 0.116711474955082
-6.22930984572889E-10 , -0.0137939555570483, 0.109173625707626
-6.10430983538635E-10 , 6.10351999057457E-05, 0.105267375707626
-5.9793098250438E-10 , 0.0117187583819032, 0.109765663743019
-5.85430981470125E-10 , 0.00726318871602416, 0.115448042750359
-5.72930980435871E-10 , 0.000854492769576609, 0.117437794804573
-5.60430979401616E-10 , -0.0014038096414879, 0.127783253788948
-5.47930978367361E-10 , 0.00115966878365725, 0.133960023522377
-5.35430977333107E-10 , -0.0014038096414879, 0.147723451256752
-5.22930976298852E-10 , 0.00305175990797579, 0.159899979829788
-5.10430975264597E-10 , -0.0127563569694757, 0.168872147798538
-4.97930974230343E-10 , -0.052063025534153, 0.17747201025486
-4.85430973196088E-10 , 0.000122070399811491, 0.181970313191414
-4.72930972161834E-10 , -0.00201416155323386, 0.186847016215324
-4.60430998883155E-10 , 0.0258178897202015, 0.186230570077896
-4.479309978489E-10 , -0.0140991313382983, 0.186047464609146
-4.35430996814645E-10 , -0.0162353627383709, 0.186938568949699
-4.22930995780391E-10 , 0.00115966878365725, 0.17844857275486
-4.10430994746136E-10 , -0.017028821632266, 0.173706144094467
-3.97930993711881E-10 , -0.0254516787827015, 0.164483726024628
-3.85430992677627E-10 , -0.0257568545639515, 0.149932935833931
-3.72930991643372E-10 , -0.0167236439883709, 0.145300358533859
-3.60430990609117E-10 , -0.00561523856595159, 0.13485723733902
-3.47930989574863E-10 , 0.00335693592205644, 0.122973680496216
-3.35430988540608E-10 , 0.00854492839425802, 0.108435101807117
-3.22930987506354E-10 , 0.0160522572696209, 0.109832808375359
-3.10430986472099E-10 , 0.019165052101016, 0.105383336544037
-2.97930985437844E-10 , 0.0114746177569032, 0.10188601911068
-2.8543098440359E-10 , 0.00933838542550802, 0.109735146164894
-2.72930983369335E-10 , 0.00201416155323386, 0.11263432353735
-2.6043098233508E-10 , 0.00683594215661287, 0.125323534011841
-2.47930981300826E-10 , -0.0117797935381532, 0.132641658186913
-2.35430980266571E-10 , -0.0237426925450563, 0.140509098768234
-2.22930979232316E-10 , -0.0198974758386612, 0.158129960298538
-2.10430978198062E-10 , 0.018859876319766, 0.169763267040253
-1.97930977163807E-10 , 0.0225830245763063, 0.174285978078842
-1.85430976129553E-10 , -0.0366211198270321, 0.176831141114235
-1.72930975095298E-10 , -0.0247192550450563, 0.185302823781967
-1.60430987938831E-10 , -0.0207519680261612, 0.187329202890396
-1.47930986904576E-10 , -0.0134277436882257, 0.187841892242432
-1.35430985870322E-10 , -0.0421142876148224, 0.187664896249771
-1.22930984836067E-10 , -0.0206909328699112, 0.183215424418449
-1.10430983801812E-10 , 0.00262451358139515, 0.176275715231895
-9.79309827675579E-11 , -0.00250244326889515, 0.166742026805878
-8.54309817333032E-11 , -0.0134887788444757, 0.157110676169395
-7.29309806990486E-11 , -0.00567627372220159, 0.145825266838074
-6.04309796647939E-11 , -0.00195312639698386, 0.139386042952538
-4.79309786305393E-11 , 0.00836182199418545, 0.121582083404064
-3.54309810657316E-11 , 0.00433349935337901, 0.116320848464966
-2.2930980031477E-11 , 0.00469971029087901, 0.112616010010242
-1.04309798645841E-11 , 0.0098877027630806, 0.108386270701885
2.06902030230882E-12 , 0.0100708082318306, 0.106170691549778
1.45690213365635E-11 , 0.00115966878365725, 0.109887734055519
2.70690206360946E-11 , -0.018066419288516, 0.112542770802975
3.95690216703493E-11 , 0.0144043071195483, 0.115783736109734
5.20690227046039E-11 , -0.00213623209856451, 0.129272520542145
6.45690237388585E-11 , -0.00482178060337901, 0.141540586948395
7.70690247731132E-11 , -0.0160522572696209, 0.150866761803627
8.95690188684739E-11 , -0.00329590076580644, 0.156030341982841
1.02069019902729E-10 , -0.0107421949505806, 0.168695151805878
1.14569020936983E-10 , -0.0211181789636612, 0.17930306494236
1.27069021971238E-10 , -0.0050659216940403, 0.18064583837986
1.39569023005492E-10 , 0.0048828162252903, 0.182928562164307
1.52069024039747E-10 , 0.00592041434720159, 0.193603619933128
1.64569025074002E-10 , -0.0264282412827015, 0.187432959675789
1.77069026108256E-10 , -0.00744629418477416, 0.183789148926735
1.89569027142511E-10 , 0.0275268759578466, 0.181634619832039
2.02069028176766E-10 , -0.0050048865377903, 0.174762055277824
2.1456902921102E-10 , -0.00292968959547579, 0.164947584271431
2.27069030245275E-10 , 0.0249633975327015, 0.149029612541199
2.3956903127953E-10 , 0.0216064602136612, 0.141552790999413
2.52069032313784E-10 , 0.0119628990069032, 0.130242973566055
2.64569033348039E-10 , 0.00970459636300802, 0.123211719095707
2.77069034382293E-10 , 0.0242920089513063, 0.117694139480591
2.89569035416548E-10 , 0.0227050948888063, 0.112780801951885
3.02069036450803E-10 , 0.00958252605050802, 0.109527632594109
3.14569037485057E-10 , 0.017456067726016, 0.110302776098251
3.27069038519312E-10 , 0.00903320964425802, 0.11397709697485
3.39569011797991E-10 , -0.017028821632266, 0.114923141896725
3.52069012832246E-10 , -0.0195923000574112, 0.128173887729645
3.645690138665E-10 , 0.00720215355977416, 0.137530580163002
3.77069014900755E-10 , 0.0338745377957821, 0.147284001111984
3.8956901593501E-10 , 0.0310058817267418, 0.157440260052681
4.02069016969264E-10 , 0.0152588002383709, 0.166687086224556
4.14569018003519E-10 , -0.00659180153161287, 0.173388764262199
4.27069019037774E-10 , 0.0114135826006532, 0.181054770946503
4.39569020072028E-10 , 0.00103759835474193, 0.189044281840324
4.52069021106283E-10 , -0.0148925883695483, 0.188549906015396
4.64569022140537E-10 , 0.000244140799622983, 0.193542584776878
4.77069050930368E-10 , 0.0140991313382983, 0.188922211527824
4.89569051964622E-10 , 0.00854492839425802, 0.178942963480949
5.02069052998877E-10 , -0.00946045573800802, 0.171698078513145
5.14569054033132E-10 , -0.019104016944766, 0.164495930075645
5.27069055067386E-10 , -0.0256347842514515, 0.153076246380806
5.3956900059049E-10 , -0.0212402492761612, 0.142376765608788
5.52069001624744E-10 , -0.017456067726016, 0.132818654179573
5.64569002658999E-10 , 0.00555420340970159, 0.12593999505043
5.77069003693254E-10 , -0.0167236439883709, 0.118273973464966
5.89569004727508E-10 , -0.0112915122881532, 0.110156290233135
6.02069005761763E-10 , 0.0136108491569757, 0.107531778514385
6.14569006796017E-10 , 0.018066419288516, 0.106292761862278
6.27069007830272E-10 , 0.0107421949505806, 0.104834020137787
6.39569008864527E-10 , 0.0106811597943306, 0.113226361572742
6.52069009898781E-10 , 0.0216674953699112, 0.125463917851448
6.64569010933036E-10 , -0.0274048056453466, 0.136541813611984
6.77069011967291E-10 , 0.00866699870675802, 0.143530339002609
6.89569013001545E-10 , 0.00860596355050802, 0.156292796134949
7.020690140358E-10 , 0.0125122163444757, 0.164062574505806
7.14569015070055E-10 , 0.00775147043168545, 0.171801835298538
7.27069016104309E-10 , -0.0204467922449112, 0.179095551371574
7.39569017138564E-10 , -0.00708008324727416, 0.181085288524628
7.52069018172818E-10 , -0.00354004162363708, 0.185412690043449
7.64569019207073E-10 , -0.018859876319766, 0.184295743703842
7.77069020241328E-10 , -0.0159912221133709, 0.189386084675789
7.89569021275582E-10 , -0.0137939555570483, 0.186657816171646
8.02069022309837E-10 , -0.0113525474444032, 0.182946875691414
8.14569023344092E-10 , 0.00262451358139515, 0.170355305075645
8.27069024378346E-10 , -0.00231933756731451, 0.158514484763145
8.39569025412601E-10 , -0.0147094829007983, 0.147906556725502
8.52069026446856E-10 , -0.0202636867761612, 0.135064750909805
8.6456902748111E-10 , 0.00958252605050802, 0.127996876835823
8.77069028515365E-10 , -6.10351999057457E-05, 0.120471239089966
8.89569029549619E-10 , -0.0101928785443306, 0.110180705785751
9.02069030583874E-10 , 0.00573730887845159, 0.105358928442001
9.14569031618129E-10 , 0.0107421949505806, 0.110162392258644
9.27069032652383E-10 , -0.0106811597943306, 0.107598915696144
9.39568978175487E-10 , -0.0051269568502903, 0.109252974390984
9.52068979209741E-10 , 0.00854492839425802, 0.116027876734734
9.64568980243996E-10 , -0.0355224870145321, 0.128070116043091
9.77068981278251E-10 , -0.00231933756731451, 0.138366758823395
