-9.97930960089377E-10 , 0.0236816573888063, 0.171997159719467
-9.85430959055122E-10 , -0.0247192550450563, 0.169494718313217
-9.72930958020868E-10 , -0.0238647628575563, 0.173333823680878
-9.60430956986613E-10 , -0.0246582198888063, 0.171875089406967
-9.47930955952359E-10 , -0.00689697777852416, 0.172363370656967
-9.35430954918104E-10 , 0.0112304771319032, 0.173571869730949
-9.22931009395001E-10 , 0.00213623209856451, 0.174377530813217
-9.10431008360746E-10 , -0.00360107677988708, 0.176263511180878
-8.97931007326491E-10 , 0.00115966878365725, 0.17667244374752
-8.85431006292237E-10 , 0.0126953218132257, 0.17581795156002
-8.72931005257982E-10 , 0.00415039341896772, 0.179217621684074
-8.60431004223727E-10 , -0.00347900646738708, 0.183746427297592
-8.47931003189473E-10 , -0.0219116359949112, 0.18516243994236
-8.35431002155218E-10 , -0.0198364406824112, 0.18064583837986
-8.22931001120963E-10 , -0.0108642652630806, 0.186895847320557
-8.10431000086709E-10 , -0.0244140792638063, 0.188708588480949
-7.97930999052454E-10 , -0.0328369364142418, 0.186303809285164
-7.85430998018199E-10 , -0.049560584127903, 0.188830658793449
-7.72930996983945E-10 , 0.000732422398868948, 0.189379975199699
-7.6043099594969E-10 , 0.00750732980668545, 0.192309662699699
-7.47930994915436E-10 , -0.0299682840704918, 0.191894635558128
-7.35430993881181E-10 , -0.0231323409825563, 0.191430762410164
-7.22930992846926E-10 , 0.00585937919095159, 0.193023785948753
-7.10430991812672E-10 , -0.0139770610257983, 0.194714456796646
-6.97930990778417E-10 , -0.0209961086511612, 0.193084821105003
-6.85430989744162E-10 , 0.00317383045330644, 0.194091901183128
-6.72930988709908E-10 , 0.0255737490952015, 0.196551620960236
-6.60430987675653E-10 , 0.0221557784825563, 0.196508884429932
-6.47930986641398E-10 , -0.0247802920639515, 0.197186380624771
-6.35430985607144E-10 , 0.0104370191693306, 0.197784528136253
-6.22930984572889E-10 , 0.0134277436882257, 0.197644144296646
-6.10430983538635E-10 , 0.0272827334702015, 0.199310407042503
-5.9793098250438E-10 , 0.0122680747881532, 0.200622662901878
-5.85430981470125E-10 , 0.0214233547449112, 0.200842395424843
-5.72930980435871E-10 , -0.00457763997837901, 0.201440528035164
-5.60430979401616E-10 , -0.0349121354520321, 0.202960312366486
-5.47930978367361E-10 , 0.0372314713895321, 0.202307239174843
-5.35430977333107E-10 , 0.0311889871954918, 0.202392682433128
-5.22930976298852E-10 , -0.00891113933175802, 0.200506702065468
-5.10430975264597E-10 , 0.00103759835474193, 0.198840439319611
-4.97930974230343E-10 , 0.0155639760196209, 0.205328479409218
-4.85430973196088E-10 , -0.0136108491569757, 0.205181986093521
-4.72930972161834E-10 , -0.00970459636300802, 0.202014267444611
-4.60430998883155E-10 , -0.00189209124073386, 0.207843124866486
-4.479309978489E-10 , -0.0014038096414879, 0.211950793862343
-4.35430996814645E-10 , -0.00122070405632257, 0.210302844643593
-4.22930995780391E-10 , -0.000976563198491931, 0.209765732288361
-4.10430994746136E-10 , 0.00347900646738708, 0.211157336831093
-3.97930993711881E-10 , -0.0122070396319032, 0.209539905190468
-3.85430992677627E-10 , -0.0338745377957821, 0.208050653338432
-3.72930991643372E-10 , 0.00573730887845159, 0.2080018222332
-3.60430990609117E-10 , -0.0122680747881532, 0.211193963885307
-3.47930989574863E-10 , -0.0304565653204918, 0.211987420916557
-3.35430988540608E-10 , -0.017517102882266, 0.209436148405075
-3.22930987506354E-10 , -0.0143432719632983, 0.208416864275932
-3.10430986472099E-10 , 0.00170898553915322, 0.207800403237343
-2.97930985437844E-10 , 0.0130615327507257, 0.208520621061325
-2.8543098440359E-10 , 0.0120239341631532, 0.208715930581093
-2.72930983369335E-10 , 0.0148925883695483, 0.209057733416557
-2.6043098233508E-10 , -0.00177002081181854, 0.207177847623825
-2.47930981300826E-10 , -0.0209350734949112, 0.211200058460236
-2.35430980266571E-10 , 0.0123901460319757, 0.206012070178986
-2.22930979232316E-10 , -0.0144653422757983, 0.207342639565468
-2.10430978198062E-10 , -0.0158691518008709, 0.213635370135307
-1.97930977163807E-10 , 0.0014038096414879, 0.212017938494682
-1.85430976129553E-10 , 0.000854492769576609, 0.203582867980003
-1.72930975095298E-10 , 0.00280761928297579, 0.201294049620628
-1.60430987938831E-10 , 0.00805664621293545, 0.206689566373825
-1.47930986904576E-10 , 0.00335693592205644, 0.210522577166557
-1.35430985870322E-10 , -0.0109253004193306, 0.207708850502968
-1.22930984836067E-10 , -0.00170898553915322, 0.206994742155075
-1.10430983801812E-10 , -0.0134277436882257, 0.20488902926445
-9.79309827675579E-11 , -0.0244140792638063, 0.207690536975861
-8.54309817333032E-11 , -0.0284424033015966, 0.207598984241486
-7.29309806990486E-11 , -0.00756836496293545, 0.205157577991486
-6.04309796647939E-11 , 0.0112915122881532, 0.205938830971718
-4.79309786305393E-11 , -0.0227050948888063, 0.202844336628914
-3.54309810657316E-11 , -0.0602417439222336, 0.204638779163361
-2.2930980031477E-11 , 0.0108642652630806, 0.197589218616486
-1.04309798645841E-11 , 0.0167236439883709, 0.201080426573753
2.06902030230882E-12 , 0.00659180153161287, 0.198016464710236
1.45690213365635E-11 , 0.0130615327507257, 0.202911481261253
2.70690206360946E-11 , -0.0200195461511612, 0.198242291808128
3.95690216703493E-11 , 0.0291748251765966, 0.196270853281021
5.20690227046039E-11 , 0.0128173921257257, 0.196179300546646
6.45690237388585E-11 , 0.0363769792020321, 0.194873154163361
7.70690247731132E-11 , 0.00476074544712901, 0.193963721394539
8.95690188684739E-11 , 0.0125122163444757, 0.192651465535164
1.02069019902729E-10 , 0.0167236439883709, 0.192419528961182
1.14569020936983E-10 , -0.019042981788516, 0.190350443124771
1.27069021971238E-10 , 0.0197754055261612, 0.193499848246574
1.39569023005492E-10 , -0.00323486560955644, 0.187335297465324
1.52069024039747E-10 , 0.0318603739142418, 0.186706632375717
1.64569025074002E-10 , 0.0015258799539879, 0.186633393168449
1.77069026108256E-10 , -0.0169067494571209, 0.187957853078842
1.89569027142511E-10 , -0.0234985519200563, 0.183313086628914
2.02069028176766E-10 , -0.0420532524585724, 0.180798426270485
2.1456902921102E-10 , -0.0141601664945483, 0.183258146047592
2.27069030245275E-10 , -0.0280761923640966, 0.183410733938217
2.3956903127953E-10 , -0.0249633975327015, 0.18351449072361
2.52069032313784E-10 , -0.0101928785443306, 0.180883884429932
2.64569033348039E-10 , 0.00335693592205644, 0.17716072499752
2.77069034382293E-10 , -0.00848389323800802, 0.176464930176735
2.89569035416548E-10 , -0.00952149089425802, 0.174768149852753
3.02069036450803E-10 , 0.00842285715043545, 0.173284992575645
3.14569037485057E-10 , 0.0223999191075563, 0.172906577587128
3.27069038519312E-10 , -0.0132446382194757, 0.172760099172592
3.39569011797991E-10 , 0.0207519680261612, 0.171319663524628
3.52069012832246E-10 , 0.0270385928452015, 0.170745939016342
3.645690138665E-10 , -0.0460815764963627, 0.167352378368378
3.77069014900755E-10 , -0.0404663383960724, 0.166876301169395
3.8956901593501E-10 , -0.0379028581082821, 0.16177986562252
4.02069016969264E-10 , 0.00103759835474193, 0.162909016013145
4.14569018003519E-10 , 0.00378418248146772, 0.164251789450645
4.27069019037774E-10 , 0.0156860463321209, 0.162896811962128
4.39569020072028E-10 , 0.00335693592205644, 0.162823557853699
4.52069021106283E-10 , -0.017944348976016, 0.162042319774628
4.64569022140537E-10 , -0.0214233547449112, 0.159771800041199
4.77069050930368E-10 , -0.0156250111758709, 0.157684400677681
4.89569051964622E-10 , -0.00555420340970159, 0.155999824404716
5.02069052998877E-10 , -0.00744629418477416, 0.153930738568306
5.14569054033132E-10 , -0.00750732980668545, 0.156182929873466
5.27069055067386E-10 , 0.000549316813703626, 0.151861637830734
5.3956900059049E-10 , 0.00384521763771772, 0.151727363467216
5.52069001624744E-10 , 0.00244140811264515, 0.147296205163002
5.64569002658999E-10 , -0.00469971029087901, 0.148492500185966
5.77069003693254E-10 , -0.0158691518008709, 0.147656321525574
5.89569004727508E-10 , -0.0202636867761612, 0.148156806826591
6.02069005761763E-10 , -0.0270385928452015, 0.147570863366127
6.14569006796017E-10 , 0.0098877027630806, 0.142755195498466
6.27069007830272E-10 , 0.0164184682071209, 0.140307679772377
6.39569008864527E-10 , -0.0113525474444032, 0.140551820397377
6.52069009898781E-10 , -0.0226440597325563, 0.137164369225502
6.64569010933036E-10 , -0.0146484477445483, 0.136108458042145
6.77069011967291E-10 , -0.0109863355755806, 0.13405767083168
6.89569013001545E-10 , 0.0137939555570483, 0.13515630364418
7.020690140358E-10 , 0.0146484477445483, 0.134222477674484
7.14569015070055E-10 , -0.050903357565403, 0.130908265709877
7.27069016104309E-10 , -0.00854492839425802, 0.129266411066055
7.39569017138564E-10 , 0.0125122163444757, 0.12606817483902
7.52069018172818E-10 , -0.0154419057071209, 0.12716680765152
7.64569019207073E-10 , -0.0316162332892418, 0.125378474593163
7.77069020241328E-10 , -0.0438232719898224, 0.128094539046288
7.89569021275582E-10 , -0.0161132924258709, 0.124816946685314
8.02069022309837E-10 , 0.00671387184411287, 0.123974658548832
8.14569023344092E-10 , 0.0285034384578466, 0.120794728398323
8.27069024378346E-10 , -0.00964356120675802, 0.119372606277466
8.39569025412601E-10 , -0.00384521763771772, 0.114459276199341
8.52069026446856E-10 , -0.0203247219324112, 0.113952681422234
8.6456902748111E-10 , -0.017700208351016, 0.113824509084225
8.77069028515365E-10 , 0.0107421949505806, 0.111676067113876
8.89569029549619E-10 , -0.0324707254767418, 0.11177983134985
9.02069030583874E-10 , 0.0148315532132983, 0.111370891332626
9.14569031618129E-10 , 0.019287122413516, 0.11141362041235
9.27069032652383E-10 , 0.0143432719632983, 0.109704628586769
9.39568978175487E-10 , 0.0136718843132257, 0.109051555395126
9.52068979209741E-10 , 0.00439453450962901, 0.108520545065403
9.64568980243996E-10 , -0.0135498140007257, 0.10670780390501
9.77068981278251E-10 , -0.0405273735523224, 0.102111853659153
