-9.97930960089377E-10 , 0.0125732515007257, 0.169610679149628
-9.85430959055122E-10 , 0.00170898553915322, 0.179925620555878
-9.72930958020868E-10 , 0.00640869606286287, 0.189660742878914
-9.60430956986613E-10 , -0.017333997413516, 0.197131454944611
-9.47930955952359E-10 , 0.00665283668786287, 0.202233985066414
-9.35430954918104E-10 , 0.019348157569766, 0.208746448159218
-9.22931009395001E-10 , 0.0344848893582821, 0.205084338784218
-9.10431008360746E-10 , 0.0158691518008709, 0.203039661049843
-8.97931007326491E-10 , 0.0105590894818306, 0.210089221596718
-8.85431006292237E-10 , -0.00738525902852416, 0.207678332924843
-8.72931005257982E-10 , -0.00781250558793545, 0.205163687467575
-8.60431004223727E-10 , -0.00427246419712901, 0.202307239174843
-8.47931003189473E-10 , 0.00329590076580644, 0.204913437366486
-8.35431002155218E-10 , 0.0247802920639515, 0.189904883503914
-8.22931001120963E-10 , -0.00354004162363708, 0.182806491851807
-8.10431000086709E-10 , 0.00372314709238708, 0.183459565043449
-7.97930999052454E-10 , -0.00341797107830644, 0.172778397798538
-7.85430998018199E-10 , 0.00415039341896772, 0.166693195700645
-7.72930996983945E-10 , 0.0104370191693306, 0.158886790275574
-7.6043099594969E-10 , -0.019226087257266, 0.151178047060966
-7.47930994915436E-10 , -0.0213012844324112, 0.138232484459877
-7.35430993881181E-10 , -0.00244140811264515, 0.13137823343277
-7.22930992846926E-10 , 0.00939942058175802, 0.122784473001957
-7.10430991812672E-10 , -0.00872803386300802, 0.114923141896725
-6.97930990778417E-10 , -0.000976563198491931, 0.112420700490475
-6.85430989744162E-10 , -0.0225830245763063, 0.106884807348251
-6.72930988709908E-10 , -0.0128784272819757, 0.101721227169037
-6.60430987675653E-10 , -0.00244140811264515, 0.0951721519231796
-6.47930986641398E-10 , -0.019226087257266, 0.0919250771403313
-6.35430985607144E-10 , 0.00433349935337901, 0.0905456840991974
-6.22930984572889E-10 , -0.0214233547449112, 0.0842712670564651
-6.10430983538635E-10 , -0.051574744284153, 0.0822448953986168
-5.9793098250438E-10 , -0.0106811597943306, 0.0850036889314651
-5.85430981470125E-10 , 0.0248413272202015, 0.0841430872678757
-5.72930980435871E-10 , -0.00213623209856451, 0.0946106240153313
-5.60430979401616E-10 , -0.050659216940403, 0.0981079414486885
-5.47930978367361E-10 , -0.0387573502957821, 0.103637732565403
-5.35430977333107E-10 , 0.0130004975944757, 0.112158246338367
-5.22930976298852E-10 , 0.0053710974752903, 0.120990037918091
-5.10430975264597E-10 , 0.0134277436882257, 0.123809866607189
-4.97930974230343E-10 , 0.0098266676068306, 0.131427064538002
-4.85430973196088E-10 , 0.0130615327507257, 0.138855040073395
-4.72930972161834E-10 , 0.0131836030632257, 0.146417304873466
-4.60430998883155E-10 , 0.00225830241106451, 0.161816477775574
-4.479309978489E-10 , -0.00970459636300802, 0.165850907564163
-4.35430996814645E-10 , -0.0252685733139515, 0.174585044384003
-4.22930995780391E-10 , -0.0260620303452015, 0.179193198680878
-4.10430994746136E-10 , -0.00122070405632257, 0.188928321003914
-3.97930993711881E-10 , -0.000976563198491931, 0.193212985992432
-3.85430992677627E-10 , 0.00396728795021772, 0.203289896249771
-3.72930991643372E-10 , 0.00939942058175802, 0.203582867980003
-3.60430990609117E-10 , 0.00201416155323386, 0.205523788928986
-3.47930989574863E-10 , -0.0123901460319757, 0.207519635558128
-3.35430988540608E-10 , 0.0159301869571209, 0.211291611194611
-3.22930987506354E-10 , 0.0241699386388063, 0.207653924822807
-3.10430986472099E-10 , 0.0133667085319757, 0.210083112120628
-2.97930985437844E-10 , 0.0297241415828466, 0.206939801573753
-2.8543098440359E-10 , 0.0050659216940403, 0.199285998940468
-2.72930983369335E-10 , -0.00347900646738708, 0.200634866952896
-2.6043098233508E-10 , 0.00958252605050802, 0.186798185110092
-2.47930981300826E-10 , 0.0325927957892418, 0.183227628469467
-2.35430980266571E-10 , -0.0391846001148224, 0.178637787699699
-2.22930979232316E-10 , -0.019470227882266, 0.172979816794395
-2.10430978198062E-10 , -0.00677490700036287, 0.157605051994324
-1.97930977163807E-10 , -0.0137329204007983, 0.157647773623466
-1.85430976129553E-10 , -0.00122070405632257, 0.141058415174484
-1.72930975095298E-10 , 0.00305175990797579, 0.135369926691055
-1.60430987938831E-10 , -0.00640869606286287, 0.129773005843163
-1.47930986904576E-10 , -0.0100097730755806, 0.126727342605591
-1.35430985870322E-10 , 0.0168457143008709, 0.119677782058716
-1.22930984836067E-10 , 0.00274658389389515, 0.102954141795635
-1.10430983801812E-10 , -0.00341797107830644, 0.0998962745070457
-9.79309827675579E-11 , -0.0197143703699112, 0.0998047217726707
-8.54309817333032E-11 , -0.0125732515007257, 0.0931885093450546
-7.29309806990486E-11 , -0.0150146596133709, 0.0893371850252151
-6.04309796647939E-11 , -0.000793457613326609, 0.0852417275309563
-4.79309786305393E-11 , 0.0161132924258709, 0.0866394266486168
-3.54309810657316E-11 , -0.018310559913516, 0.0871338173747063
-2.2930980031477E-11 , -0.0274048056453466, 0.0864990502595901
-1.04309798645841E-11 , -0.0458374358713627, 0.090838648378849
2.06902030230882E-12 , -0.0245361495763063, 0.0917847007513046
1.45690213365635E-11 , -0.0121460044756532, 0.098144568502903
2.70690206360946E-11 , -0.000244140799622983, 0.102288857102394
3.95690216703493E-11 , -0.019226087257266, 0.118634082376957
5.20690227046039E-11 , -0.0366211198270321, 0.1202637180686
6.45690237388585E-11 , -0.0111694419756532, 0.127069145441055
7.70690247731132E-11 , -0.0485229827463627, 0.129077196121216
8.95690188684739E-11 , -0.0131225679069757, 0.14077764749527
1.02069019902729E-10 , 0.00744629418477416, 0.152978584170341
1.14569020936983E-10 , 0.00177002081181854, 0.16275642812252
1.27069021971238E-10 , 0.0125122163444757, 0.172302335500717
1.39569023005492E-10 , -0.0111084068194032, 0.17691658437252
1.52069024039747E-10 , 0.0262451358139515, 0.182421967387199
1.64569025074002E-10 , 0.0273437686264515, 0.189685150980949
1.77069026108256E-10 , -0.0447998382151127, 0.199145615100861
1.89569027142511E-10 , -0.0133056733757257, 0.199768170714378
2.02069028176766E-10 , 0.00317383045330644, 0.199517920613289
2.1456902921102E-10 , -0.0282592978328466, 0.206805527210236
2.27069030245275E-10 , -0.0366821549832821, 0.211084097623825
2.3956903127953E-10 , 0.00238037272356451, 0.206146344542503
2.52069032313784E-10 , -0.0129394624382257, 0.208746448159218
2.64569033348039E-10 , -0.0361938737332821, 0.2091004550457
2.77069034382293E-10 , -0.00805664621293545, 0.20488902926445
2.89569035416548E-10 , -0.0292358603328466, 0.195379734039307
3.02069036450803E-10 , -0.0245361495763063, 0.192602634429932
3.14569037485057E-10 , 0.0133667085319757, 0.188867285847664
3.27069038519312E-10 , 0.00415039341896772, 0.181311130523682
3.39569011797991E-10 , -0.00592041434720159, 0.17258308827877
3.52069012832246E-10 , 0.017700208351016, 0.166583329439163
3.645690138665E-10 , 0.00177002081181854, 0.161578446626663
3.77069014900755E-10 , -0.00402832310646772, 0.149438545107841
3.8956901593501E-10 , 0.0147705180570483, 0.139910951256752
4.02069016969264E-10 , 0.00433349935337901, 0.133258119225502
4.14569018003519E-10 , 0.0272827334702015, 0.127551317214966
4.27069019037774E-10 , 0.0222778487950563, 0.122961476445198
4.39569020072028E-10 , -0.00311279529705644, 0.115570113062859
4.52069021106283E-10 , -0.0106201246380806, 0.108972206711769
4.64569022140537E-10 , -0.018249524757266, 0.100524939596653
4.77069050930368E-10 , -0.017272962257266, 0.0936889946460724
4.89569051964622E-10 , -0.00793457590043545, 0.0899658501148224
5.02069052998877E-10 , 0.00762940011918545, 0.0895630195736885
5.14569054033132E-10 , 0.00677490700036287, 0.0886780023574829
5.27069055067386E-10 , 0.00421142857521772, 0.0850281044840813
5.3956900059049E-10 , -0.0110473707318306, 0.085894800722599
5.52069001624744E-10 , 0.0119628990069032, 0.0888916254043579
5.64569002658999E-10 , -0.0117797935381532, 0.0927734673023224
5.77069003693254E-10 , -0.00482178060337901, 0.0930420234799385
5.89569004727508E-10 , 0.0225219894200563, 0.100677527487278
6.02069005761763E-10 , 0.0149536235257983, 0.108612097799778
6.14569006796017E-10 , 0.00909424480050802, 0.116400189697742
6.27069007830272E-10 , 0.000305176014080644, 0.122723437845707
6.39569008864527E-10 , 0.000854492769576609, 0.131054744124413
6.52069009898781E-10 , -0.0213012844324112, 0.137530580163002
6.64569010933036E-10 , -0.0237426925450563, 0.14358526468277
6.77069011967291E-10 , -0.0223999191075563, 0.154187083244324
6.89569013001545E-10 , -0.0134887788444757, 0.163641437888145
7.020690140358E-10 , -0.0132446382194757, 0.174084559082985
7.14569015070055E-10 , -0.0131225679069757, 0.177868738770485
7.27069016104309E-10 , 0.00213623209856451, 0.184216395020485
7.39569017138564E-10 , 0.00738525902852416, 0.187524512410164
7.52069018172818E-10 , -0.0106811597943306, 0.194738864898682
7.64569019207073E-10 , -0.00372314709238708, 0.202539160847664
7.77069020241328E-10 , 0.0100708082318306, 0.206164658069611
7.89569021275582E-10 , -0.000976563198491931, 0.209210321307182
8.02069022309837E-10 , -0.0134887788444757, 0.208343610167503
8.14569023344092E-10 , -0.0252075381577015, 0.208111688494682
8.27069024378346E-10 , -0.0131836030632257, 0.207190051674843
8.39569025412601E-10 , -0.00695801293477416, 0.205468863248825
8.52069026446856E-10 , -0.0128784272819757, 0.201324567198753
8.6456902748111E-10 , -0.00817871652543545, 0.202917590737343
8.77069028515365E-10 , -0.00311279529705644, 0.193231299519539
8.89569029549619E-10 , 0.00262451358139515, 0.183825775980949
9.02069030583874E-10 , -0.00964356120675802, 0.180658042430878
9.14569031618129E-10 , -0.0233154464513063, 0.173040851950645
9.27069032652383E-10 , -0.0168457143008709, 0.161267161369324
9.39568978175487E-10 , 0.0106811597943306, 0.154016181826591
9.52068979209741E-10 , 0.00280761928297579, 0.139721736311913
9.64568980243996E-10 , -0.00939942058175802, 0.13710942864418
9.77068981278251E-10 , 0.00830078683793545, 0.136816471815109
