-9.97930960089377E-10 , 0.00329590076580644, 0.108038373291492
-9.85430959055122E-10 , -0.00128173921257257, 0.114324994385242
-9.72930958020868E-10 , -0.00207519670948386, 0.12716680765152
-9.60430956986613E-10 , -0.00665283668786287, 0.140423640608788
-9.47930955952359E-10 , -0.0106201246380806, 0.148547425866127
-9.35430954918104E-10 , -0.0124511811882257, 0.164318934082985
-9.22931009395001E-10 , -0.0110473707318306, 0.172778397798538
-9.10431008360746E-10 , -0.0051269568502903, 0.183728113770485
-8.97931007326491E-10 , -0.00421142857521772, 0.187213227152824
-8.85431006292237E-10 , -0.0145874125882983, 0.195672705769539
-8.72931005257982E-10 , -0.0108642652630806, 0.204242050647736
-8.60431004223727E-10 , -0.019409192726016, 0.203228861093521
-8.47931003189473E-10 , -0.019470227882266, 0.211132928729057
-8.35431002155218E-10 , -0.0296631064265966, 0.206909283995628
-8.22931001120963E-10 , -0.0306396707892418, 0.204718127846718
-8.10431000086709E-10 , -0.0296020712703466, 0.211431995034218
-7.97930999052454E-10 , -0.0200195461511612, 0.200506702065468
-7.85430998018199E-10 , -0.0231323409825563, 0.191424652934074
-7.72930996983945E-10 , -0.00457763997837901, 0.179583832621574
-7.6043099594969E-10 , -0.0106811597943306, 0.175305262207985
-7.47930994915436E-10 , -0.0358886979520321, 0.158270344138145
-7.35430993881181E-10 , -0.0231323409825563, 0.151098698377609
-7.22930992846926E-10 , 0.00830078683793545, 0.137994438409805
-7.10430991812672E-10 , 0.0155639760196209, 0.129895076155663
-6.97930990778417E-10 , 0.00854492839425802, 0.119488574564457
-6.85430989744162E-10 , 0.00701904809102416, 0.108862347900867
-6.72930988709908E-10 , 0.0048828162252903, 0.104199253022671
-6.60430987675653E-10 , 0.018615735694766, 0.0949096977710724
-6.47930986641398E-10 , -0.0100708082318306, 0.088366724550724
-6.35430985607144E-10 , 0.00201416155323386, 0.0841186791658401
-6.22930984572889E-10 , -0.00872803386300802, 0.0846924036741257
-6.10430983538635E-10 , 0.00610351981595159, 0.0802246332168579
-5.9793098250438E-10 , 0.0050048865377903, 0.0871032997965813
-5.85430981470125E-10 , 0.00128173921257257, 0.0953125283122063
-5.72930980435871E-10 , 0.00579834403470159, 0.103723183274269
-5.60430979401616E-10 , 0.00610351981595159, 0.105444371700287
-5.47930978367361E-10 , 0.0115356529131532, 0.123077444732189
-5.35430977333107E-10 , 0.00701904809102416, 0.135742247104645
-5.22930976298852E-10 , -0.00677490700036287, 0.141516178846359
-5.10430975264597E-10 , 0.0100097730755806, 0.149127259850502
-4.97930974230343E-10 , 0.0245971847325563, 0.161877512931824
-4.85430973196088E-10 , -0.0197143703699112, 0.172821134328842
-4.72930972161834E-10 , -0.0244140792638063, 0.180004969239235
-4.60430998883155E-10 , -0.0362549088895321, 0.189642429351807
-4.479309978489E-10 , -0.0169067494571209, 0.200360208749771
-4.35430996814645E-10 , -0.000549316813703626, 0.203576773405075
-4.22930995780391E-10 , -0.00579834403470159, 0.208032339811325
-4.10430994746136E-10 , -0.0137329204007983, 0.213110461831093
-3.97930993711881E-10 , -0.0151977650821209, 0.209790155291557
-3.85430992677627E-10 , -0.0159912221133709, 0.210247918963432
-3.72930991643372E-10 , -0.00457763997837901, 0.20623180270195
-3.60430990609117E-10 , 0.0099487379193306, 0.196850687265396
-3.47930989574863E-10 , 0.0319824442267418, 0.186267182230949
-3.35430988540608E-10 , 0.017456067726016, 0.186267182230949
-3.22930987506354E-10 , -0.000976563198491931, 0.16788949072361
-3.10430986472099E-10 , -0.000793457613326609, 0.152838200330734
-2.97930985437844E-10 , -0.0100708082318306, 0.146814033389091
-2.8543098440359E-10 , -0.00585937919095159, 0.142712473869324
-2.72930983369335E-10 , -0.00762940011918545, 0.130877748131752
-2.6043098233508E-10 , -0.00671387184411287, 0.115344285964966
-2.47930981300826E-10 , -0.0118408286944032, 0.106152385473251
-2.35430980266571E-10 , 0.00262451358139515, 0.0997192710638046
-2.22930979232316E-10 , 0.0050048865377903, 0.0952331870794296
-2.10430978198062E-10 , 0.00823975168168545, 0.0898742973804474
-1.97930977163807E-10 , 0.0127563569694757, 0.0879638940095901
-1.85430976129553E-10 , 0.000854492769576609, 0.0852722451090813
-1.72930975095298E-10 , -0.000488281599245965, 0.082202173769474
-1.60430987938831E-10 , -0.00372314709238708, 0.0859436318278313
-1.47930986904576E-10 , 0.0110473707318306, 0.0939087197184563
-1.35430985870322E-10 , 0.0124511811882257, 0.100091591477394
-1.22930984836067E-10 , 0.0119628990069032, 0.107635535299778
-1.10430983801812E-10 , 0.00299072475172579, 0.120678760111332
-9.79309827675579E-11 , 0.00439453450962901, 0.131518617272377
-8.54309817333032E-11 , 0.00738525902852416, 0.139563053846359
-7.29309806990486E-11 , 0.0151367299258709, 0.151843339204788
-6.04309796647939E-11 , 0.0380859635770321, 0.163391187787056
-4.79309786305393E-11 , -0.0051269568502903, 0.178094565868378
-3.54309810657316E-11 , -0.00701904809102416, 0.183282569050789
-2.2930980031477E-11 , -0.0310058817267418, 0.196881204843521
-1.04309798645841E-11 , -0.0122680747881532, 0.205023303627968
2.06902030230882E-12 , -0.0166015736758709, 0.203045755624771
1.45690213365635E-11 , -0.050354041159153, 0.209790155291557
2.70690206360946E-11 , 0.0216674953699112, 0.213354602456093
3.95690216703493E-11 , 0.019104016944766, 0.213910028338432
5.20690227046039E-11 , 0.0128173921257257, 0.211627304553986
6.45690237388585E-11 , 0.0205078274011612, 0.207922473549843
7.70690247731132E-11 , 0.0101928785443306, 0.199524030089378
8.95690188684739E-11 , 0.018737806007266, 0.188733011484146
1.02069019902729E-10 , 0.0166626088321209, 0.17704476416111
1.14569020936983E-10 , 0.0299682840704918, 0.167450025677681
1.27069021971238E-10 , 0.0278930868953466, 0.157440260052681
1.39569023005492E-10 , -0.00567627372220159, 0.143981993198395
1.52069024039747E-10 , 0.00219726725481451, 0.137262016534805
1.64569025074002E-10 , 0.00213623209856451, 0.131835997104645
1.77069026108256E-10 , -0.00897217448800802, 0.114209026098251
1.89569027142511E-10 , -0.0158081166446209, 0.103424109518528
2.02069028176766E-10 , 0.00195312639698386, 0.0966369956731796
2.1456902921102E-10 , -0.00445556966587901, 0.0891418755054474
2.27069030245275E-10 , -0.0125732515007257, 0.0861938744783401
2.3956903127953E-10 , 0.00469971029087901, 0.0831848382949829
2.52069032313784E-10 , 0.0268554873764515, 0.0846985131502151
2.64569033348039E-10 , -0.0163574330508709, 0.0883789360523224
2.77069034382293E-10 , 0.0158691518008709, 0.089678980410099
2.89569035416548E-10 , 0.0367431901395321, 0.0956665351986885
3.02069036450803E-10 , -0.018249524757266, 0.103588901460171
3.14569037485057E-10 , -0.00201416155323386, 0.111877486109734
3.27069038519312E-10 , 0.0222778487950563, 0.122369438409805
3.39569011797991E-10 , 0.0130004975944757, 0.129565492272377
3.52069012832246E-10 , -0.0101928785443306, 0.145825266838074
3.645690138665E-10 , -0.0202026516199112, 0.156671211123466
3.77069014900755E-10 , -0.0344848893582821, 0.162872388958931
3.8956901593501E-10 , -0.0263061709702015, 0.175164878368378
4.02069016969264E-10 , -0.0258789248764515, 0.189575284719467
4.14569018003519E-10 , -0.0234375167638063, 0.197332859039307
4.27069019037774E-10 , -0.0146484477445483, 0.197589218616486
4.39569020072028E-10 , 0.00939942058175802, 0.208819687366486
4.52069021106283E-10 , 0.0255737490952015, 0.21392223238945
4.64569022140537E-10 , -0.0114135826006532, 0.215094104409218
4.77069050930368E-10 , 0.00463867513462901, 0.211566269397736
4.89569051964622E-10 , 0.0309448465704918, 0.208111688494682
5.02069052998877E-10 , -0.017150891944766, 0.205310165882111
5.14569054033132E-10 , -0.0133056733757257, 0.193316742777824
5.27069055067386E-10 , -0.00256347842514515, 0.190680027008057
5.3956900059049E-10 , 0.00408935826271772, 0.178045749664307
5.52069001624744E-10 , -0.000671387184411287, 0.165588453412056
5.64569002658999E-10 , -0.0217895656824112, 0.157348707318306
5.77069003693254E-10 , -0.0108032301068306, 0.148632884025574
5.89569004727508E-10 , 0.00579834403470159, 0.136023014783859
6.02069005761763E-10 , -0.00555420340970159, 0.12575688958168
6.14569006796017E-10 , -0.000732422398868948, 0.120776414871216
6.27069007830272E-10 , 0.0219726711511612, 0.106817670166492
6.39569008864527E-10 , 0.00769043527543545, 0.0982605293393135
6.52069009898781E-10 , -0.00823975168168545, 0.0930786430835724
6.64569010933036E-10 , 0.00134277436882257, 0.0881347954273224
6.77069011967291E-10 , 0.0166626088321209, 0.0857177972793579
6.89569013001545E-10 , 0.0151367299258709, 0.0874756127595901
7.020690140358E-10 , -0.00219726725481451, 0.086718775331974
7.14569015070055E-10 , 0.00897217448800802, 0.0906799584627151
7.27069016104309E-10 , 0.0152588002383709, 0.0955505669116974
7.39569017138564E-10 , 0.0163574330508709, 0.100018344819546
7.52069018172818E-10 , 0.018371595069766, 0.106665082275867
7.64569019207073E-10 , 0.0106201246380806, 0.116754196584225
7.77069020241328E-10 , 0.00958252605050802, 0.129705861210823
7.89569021275582E-10 , -0.00109863362740725, 0.14492803812027
8.02069022309837E-10 , -0.00244140811264515, 0.154199287295341
8.14569023344092E-10 , -0.0352783463895321, 0.166534498333931
8.27069024378346E-10 , 0.000122070399811491, 0.177954196929932
8.39569025412601E-10 , 0.0321045145392418, 0.183184906840324
8.52069026446856E-10 , 0.00665283668786287, 0.196051120758057
8.6456902748111E-10 , 0.0048828162252903, 0.201355084776878
8.77069028515365E-10 , -0.000183105599717237, 0.207470804452896
8.89569029549619E-10 , -0.0250244326889515, 0.20696422457695
9.02069030583874E-10 , -0.0614624470472336, 0.209027215838432
9.14569031618129E-10 , -0.0305786356329918, 0.209723010659218
9.27069032652383E-10 , -0.0112915122881532, 0.20647594332695
9.39568978175487E-10 , -0.017272962257266, 0.202551379799843
9.52068979209741E-10 , -0.00897217448800802, 0.194842636585236
9.64568980243996E-10 , -0.00244140811264515, 0.188293546438217
9.77068981278251E-10 , -0.00567627372220159, 0.178302094340324
