-9.97930960089377E-10 , -0.0138549907132983, 0.160766676068306
-9.85430959055122E-10 , -0.0161132924258709, 0.159869462251663
-9.72930958020868E-10 , -0.00280761928297579, 0.161914139986038
-9.60430956986613E-10 , -0.0155639760196209, 0.16428841650486
-9.47930955952359E-10 , 0.017517102882266, 0.161346510052681
-9.35430954918104E-10 , 0.0334472879767418, 0.164215162396431
-9.22931009395001E-10 , 0.00268554873764515, 0.159558176994324
-9.10431008360746E-10 , 0.0130615327507257, 0.153888016939163
-8.97931007326491E-10 , 0.019470227882266, 0.145263731479645
-8.85431006292237E-10 , 0.0126953218132257, 0.142419502139091
-8.72931005257982E-10 , -6.10351999057457E-05, 0.137262016534805
-8.60431004223727E-10 , -0.0156860463321209, 0.134478822350502
-8.47931003189473E-10 , 0.00769043527543545, 0.130194142460823
-8.35431002155218E-10 , 0.0101318433880806, 0.128961235284805
-8.22931001120963E-10 , -0.0130615327507257, 0.133416801691055
-8.10431000086709E-10 , -0.0169067494571209, 0.13235479593277
-7.97930999052454E-10 , -0.00421142857521772, 0.13516241312027
-7.85430998018199E-10 , -0.0207519680261612, 0.138665840029716
-7.72930996983945E-10 , -0.0290527548640966, 0.144781559705734
-7.6043099594969E-10 , -0.0151977650821209, 0.149292066693306
-7.47930994915436E-10 , -0.0272216983139515, 0.156872630119324
-7.35430993881181E-10 , 0.00634766090661287, 0.159295722842216
-7.22930992846926E-10 , -0.0239868331700563, 0.163507163524628
-7.10430991812672E-10 , 0.0363769792020321, 0.164569169282913
-6.97930990778417E-10 , -0.0318603739142418, 0.16281746327877
-6.85430989744162E-10 , 0.0125732515007257, 0.161499097943306
-6.72930988709908E-10 , -0.00708008324727416, 0.160882651805878
-6.60430987675653E-10 , -0.0250244326889515, 0.153802558779716
-6.47930986641398E-10 , 0.00482178060337901, 0.151690751314163
-6.35430985607144E-10 , -0.00378418248146772, 0.142541572451591
-6.22930984572889E-10 , 0.0287475790828466, 0.137463435530663
-6.10430983538635E-10 , -0.0491943694651127, 0.134906068444252
-5.9793098250438E-10 , -0.0119018638506532, 0.132623344659805
-5.85430981470125E-10 , -0.0387573502957821, 0.132745414972305
-5.72930980435871E-10 , -0.0134277436882257, 0.13198858499527
-5.60430979401616E-10 , -0.0118408286944032, 0.135559141635895
-5.47930978367361E-10 , -0.017089856788516, 0.138586491346359
-5.35430977333107E-10 , -0.00445556966587901, 0.14639288187027
-5.22930976298852E-10 , 0.0401611626148224, 0.142022773623466
-5.10430975264597E-10 , 0.0435791313648224, 0.150909498333931
-4.97930974230343E-10 , -0.0480347014963627, 0.157708808779716
-4.85430973196088E-10 , 0.0134277436882257, 0.161071851849556
-4.72930972161834E-10 , 0.00836182199418545, 0.163574293255806
-4.60430998883155E-10 , -0.0231323409825563, 0.163690268993378
-4.479309978489E-10 , 0.0236206222325563, 0.162841871380806
-4.35430996814645E-10 , 0.0431518852710724, 0.163263022899628
-4.22930995780391E-10 , -0.0133667085319757, 0.160052567720413
-4.10430994746136E-10 , 0.0131225679069757, 0.153332591056824
-3.97930993711881E-10 , 0.00970459636300802, 0.151226878166199
-3.85430992677627E-10 , -0.0108642652630806, 0.144970774650574
-3.72930991643372E-10 , 0.00555420340970159, 0.138501033186913
-3.60430990609117E-10 , -0.0249633975327015, 0.135363832116127
-3.47930989574863E-10 , -0.0052490271627903, 0.135925352573395
-3.35430988540608E-10 , -0.0335083231329918, 0.132318168878555
-3.22930987506354E-10 , -0.0166626088321209, 0.132757619023323
-3.10430986472099E-10 , -0.00555420340970159, 0.135009825229645
-2.97930985437844E-10 , -0.00476074544712901, 0.137243717908859
-2.8543098440359E-10 , 0.00720215355977416, 0.140466377139091
-2.72930983369335E-10 , 0.00323486560955644, 0.145404115319252
-2.6043098233508E-10 , 0.017272962257266, 0.151477128267288
-2.47930981300826E-10 , 0.0167236439883709, 0.155773997306824
-2.35430980266571E-10 , -0.00604248465970159, 0.160095289349556
-2.22930979232316E-10 , -0.0288696493953466, 0.162384107708931
-2.10430978198062E-10 , -0.000122070399811491, 0.16324470937252
-1.97930977163807E-10 , 0.00744629418477416, 0.16447152197361
-1.85430976129553E-10 , 0.00592041434720159, 0.164123609662056
-1.72930975095298E-10 , 0.00360107677988708, 0.160931468009949
-1.60430987938831E-10 , -0.00372314709238708, 0.15726326406002
-1.47930986904576E-10 , -0.00347900646738708, 0.154071122407913
-1.35430985870322E-10 , 0.00421142857521772, 0.151489332318306
-1.22930984836067E-10 , 0.0104980543255806, 0.140203922986984
-1.10430983801812E-10 , 0.0213623195886612, 0.134320124983788
-9.79309827675579E-11 , -0.00201416155323386, 0.136834770441055
-8.54309817333032E-11 , -0.0227050948888063, 0.132251039147377
-7.29309806990486E-11 , -0.00439453450962901, 0.12832647562027
-6.04309796647939E-11 , 0.00598144950345159, 0.130590870976448
-4.79309786305393E-11 , -0.0134277436882257, 0.137023985385895
-3.54309810657316E-11 , -0.054504431784153, 0.139624089002609
-2.2930980031477E-11 , -0.0140991313382983, 0.142578184604645
-1.04309798645841E-11 , -0.0401611626148224, 0.147467106580734
2.06902030230882E-12 , 0.0228882003575563, 0.153649970889091
1.45690213365635E-11 , 0.0159301869571209, 0.156738355755806
2.70690206360946E-11 , 0.00250244326889515, 0.159832835197449
3.95690216703493E-11 , -0.00103759835474193, 0.163409501314163
5.20690227046039E-11 , -0.0319824442267418, 0.161987379193306
6.45690237388585E-11 , 0.0166626088321209, 0.162744224071503
7.70690247731132E-11 , -0.0157470814883709, 0.162463456392288
8.95690188684739E-11 , -0.00701904809102416, 0.159484937787056
1.02069019902729E-10 , -0.000488281599245965, 0.153918534517288
1.14569020936983E-10 , 0.000671387184411287, 0.147711247205734
1.27069021971238E-10 , 0.00451660482212901, 0.142340153455734
1.39569023005492E-10 , 0.0219726711511612, 0.13735967874527
1.52069024039747E-10 , -0.000183105599717237, 0.133947819471359
1.64569025074002E-10 , -0.0145263774320483, 0.132092341780663
1.77069026108256E-10 , -0.0277099814265966, 0.130755677819252
1.89569027142511E-10 , -0.0161132924258709, 0.12979131937027
2.02069028176766E-10 , 0.00128173921257257, 0.132214412093163
2.1456902921102E-10 , 0.0169067494571209, 0.138922184705734
2.27069030245275E-10 , 0.018432630226016, 0.141418516635895
2.3956903127953E-10 , 0.00439453450962901, 0.142834544181824
2.52069032313784E-10 , 0.0124511811882257, 0.149169996380806
2.64569033348039E-10 , 0.0102539137005806, 0.156036451458931
2.77069034382293E-10 , -0.0278930868953466, 0.160784989595413
2.89569035416548E-10 , 0.0327148661017418, 0.165710523724556
3.02069036450803E-10 , 0.0204467922449112, 0.163055494427681
3.14569037485057E-10 , -0.00787354074418545, 0.165460288524628
3.27069038519312E-10 , -0.00958252605050802, 0.16330574452877
3.39569011797991E-10 , -0.00860596355050802, 0.153308182954788
3.52069012832246E-10 , -0.00598144950345159, 0.152972489595413
3.645690138665E-10 , -0.0132446382194757, 0.147656321525574
3.77069014900755E-10 , -0.0295410361140966, 0.143084779381752
3.8956901593501E-10 , -0.0393066704273224, 0.13925176858902
4.02069016969264E-10 , 0.0330200418829918, 0.132122859358788
4.14569018003519E-10 , -0.0269775576889515, 0.13327032327652
4.27069019037774E-10 , -0.0109863355755806, 0.132543995976448
4.39569020072028E-10 , -0.0480347014963627, 0.133233696222305
4.52069021106283E-10 , -0.017517102882266, 0.138311833143234
4.64569022140537E-10 , -0.00231933756731451, 0.136651664972305
4.77069050930368E-10 , -0.00573730887845159, 0.141760319471359
4.89569051964622E-10 , -0.0165405385196209, 0.143896549940109
5.02069052998877E-10 , -0.0153808705508709, 0.153686597943306
5.14569054033132E-10 , -0.019165052101016, 0.154644846916199
5.27069055067386E-10 , -0.0391846001148224, 0.155633613467216
5.3956900059049E-10 , -0.0340576432645321, 0.162231519818306
5.52069001624744E-10 , -0.0303955301642418, 0.162585526704788
5.64569002658999E-10 , -0.0308838114142418, 0.160418778657913
5.77069003693254E-10 , -0.0114746177569032, 0.160797193646431
5.89569004727508E-10 , 0.0145263774320483, 0.158129960298538
6.02069005761763E-10 , -0.050354041159153, 0.155078202486038
6.14569006796017E-10 , -0.0252685733139515, 0.151721268892288
6.27069007830272E-10 , 0.00695801293477416, 0.139611884951591
6.39569008864527E-10 , 0.0132446382194757, 0.139971986413002
6.52069009898781E-10 , 0.00622559059411287, 0.134832829236984
6.64569010933036E-10 , 0.0280151572078466, 0.133276417851448
6.77069011967291E-10 , 0.0221557784825563, 0.132550105452538
6.89569013001545E-10 , 0.0152588002383709, 0.13284307718277
7.020690140358E-10 , -0.0053710974752903, 0.132830873131752
7.14569015070055E-10 , 0.0233154464513063, 0.136218324303627
7.27069016104309E-10 , 0.0128173921257257, 0.142492741346359
7.39569017138564E-10 , -0.000305176014080644, 0.144671693444252
7.52069018172818E-10 , 0.0050659216940403, 0.152502506971359
7.64569019207073E-10 , -0.0158081166446209, 0.156433179974556
7.77069020241328E-10 , -0.0131836030632257, 0.160748362541199
7.89569021275582E-10 , 0.0195312649011612, 0.16196297109127
8.02069022309837E-10 , 0.0244751144200563, 0.164276197552681
8.14569023344092E-10 , 0.00817871652543545, 0.165741041302681
8.27069024378346E-10 , 0.00366211193613708, 0.159454420208931
8.39569025412601E-10 , 0.00195312639698386, 0.156298905611038
8.52069026446856E-10 , 0.0259399600327015, 0.155285716056824
8.6456902748111E-10 , 0.0147705180570483, 0.154107734560966
8.77069028515365E-10 , -0.0219116359949112, 0.146545469760895
8.89569029549619E-10 , -0.00854492839425802, 0.139093086123466
9.02069030583874E-10 , 0.00201416155323386, 0.13699346780777
9.14569031618129E-10 , -0.0311889871954918, 0.13613897562027
9.27069032652383E-10 , 0.00213623209856451, 0.132861390709877
9.39568978175487E-10 , -0.0115356529131532, 0.128356993198395
9.52068979209741E-10 , -0.0108642652630806, 0.131024226546288
9.64568980243996E-10 , -0.0142822368070483, 0.134619206190109
9.77068981278251E-10 , -0.0197143703699112, 0.137884587049484
