-9.97930960089377E-10 , -0.0049438513815403, 0.176483243703842
-9.85430959055122E-10 , 0.00939942058175802, 0.181671231985092
-9.72930958020868E-10 , 0.0270996280014515, 0.190551862120628
-9.60430956986613E-10 , 0.0297851767390966, 0.198968604207039
-9.47930955952359E-10 , -0.00634766090661287, 0.205407828092575
-9.35430954918104E-10 , -0.0261230655014515, 0.208764761686325
-9.22931009395001E-10 , -0.0284424033015966, 0.206555277109146
-9.10431008360746E-10 , -0.0106201246380806, 0.206689566373825
-8.97931007326491E-10 , -0.0222168136388063, 0.208172723650932
-8.85431006292237E-10 , -0.017395032569766, 0.207074075937271
-8.72931005257982E-10 , -0.00109863362740725, 0.202166855335236
-8.60431004223727E-10 , -0.00311279529705644, 0.198108017444611
-8.47931003189473E-10 , -0.00659180153161287, 0.188568204641342
-8.35431002155218E-10 , -0.0049438513815403, 0.178637787699699
-8.22931001120963E-10 , -0.0144043071195483, 0.172082602977753
-8.10431000086709E-10 , -0.0155639760196209, 0.160089194774628
-7.97930999052454E-10 , -0.00256347842514515, 0.152197331190109
-7.85430998018199E-10 , 0.00390625279396772, 0.141589418053627
-7.72930996983945E-10 , 0.0246582198888063, 0.135669007897377
-7.6043099594969E-10 , 0.00451660482212901, 0.125689744949341
-7.47930994915436E-10 , -0.0127563569694757, 0.113433882594109
-7.35430993881181E-10 , -0.0097656324505806, 0.109661906957626
-7.22930992846926E-10 , 0.0275879111140966, 0.0959228873252869
-7.10430991812672E-10 , 0.00714111840352416, 0.0911560356616974
-6.97930990778417E-10 , -0.0137329204007983, 0.0903076454997063
-6.85430989744162E-10 , 0.0114135826006532, 0.0845459252595901
-6.72930988709908E-10 , 0.00292968959547579, 0.0813293680548668
-6.60430987675653E-10 , -0.00610351981595159, 0.081378199160099
-6.47930986641398E-10 , -0.0251465030014515, 0.0820617899298668
-6.35430985607144E-10 , -0.0279541220515966, 0.0889404565095901
-6.22930984572889E-10 , 0.0106201246380806, 0.0968994498252869
-6.10430983538635E-10 , 0.00897217448800802, 0.098999060690403
-5.9793098250438E-10 , -0.000305176014080644, 0.104357950389385
-5.85430981470125E-10 , 0.0051269568502903, 0.118438765406609
-5.72930980435871E-10 , 0.0438232719898224, 0.129272520542145
-5.60430979401616E-10 , 0.0212402492761612, 0.135363832116127
-5.47930978367361E-10 , -0.0118408286944032, 0.144763246178627
-5.35430977333107E-10 , -0.0122680747881532, 0.164556965231895
-5.22930976298852E-10 , -0.0105590894818306, 0.167327955365181
-5.10430975264597E-10 , -0.00134277436882257, 0.175903409719467
-4.97930974230343E-10 , 0.00659180153161287, 0.187432959675789
-4.85430973196088E-10 , 0.0298462118953466, 0.192993268370628
-4.72930972161834E-10 , 0.0267944522202015, 0.200293079018593
-4.60430998883155E-10 , 0.00292968959547579, 0.203411966562271
-4.479309978489E-10 , -0.0106201246380806, 0.210022076964378
-4.35430996814645E-10 , -0.00750732980668545, 0.211352646350861
-4.22930995780391E-10 , -0.0148315532132983, 0.210034295916557
-4.10430994746136E-10 , 0.00109863362740725, 0.207251086831093
-3.97930993711881E-10 , -0.00726318871602416, 0.20891734957695
-3.85430992677627E-10 , -0.0152588002383709, 0.202356055378914
-3.72930991643372E-10 , 0.00335693592205644, 0.198181256651878
-3.60430990609117E-10 , 0.0214233547449112, 0.191211029887199
-3.47930989574863E-10 , -0.00628662575036287, 0.180059909820557
-3.35430988540608E-10 , -0.0156860463321209, 0.173938080668449
-3.22930987506354E-10 , -0.018432630226016, 0.161279380321503
-3.10430986472099E-10 , -0.018737806007266, 0.152356028556824
-2.97930985437844E-10 , -0.0108642652630806, 0.143048167228699
-2.8543098440359E-10 , -0.018188489601016, 0.135443180799484
-2.72930983369335E-10 , 0.00573730887845159, 0.126385554671288
-2.6043098233508E-10 , 0.0167236439883709, 0.113397262990475
-2.47930981300826E-10 , 0.00091552798403427, 0.106060832738876
-2.35430980266571E-10 , -0.0131225679069757, 0.101312294602394
-2.22930979232316E-10 , -0.0015258799539879, 0.0966186821460724
-2.10430978198062E-10 , -0.00561523856595159, 0.0907532051205635
-1.97930977163807E-10 , 0.0282592978328466, 0.0837097391486168
-1.85430976129553E-10 , 0.00891113933175802, 0.0787414759397507
-1.72930975095298E-10 , -0.00708008324727416, 0.082629419863224
-1.60430987938831E-10 , 0.0099487379193306, 0.0871094018220901
-1.47930986904576E-10 , -0.00732422387227416, 0.0912720039486885
-1.35430985870322E-10 , -0.00091552798403427, 0.0980102866888046
-1.22930984836067E-10 , -0.0164184682071209, 0.0999389961361885
-1.10430983801812E-10 , 0.0131836030632257, 0.106012001633644
-9.79309827675579E-11 , 0.0114135826006532, 0.116626024246216
-8.54309817333032E-11 , 0.0119018638506532, 0.12716680765152
-7.29309806990486E-11 , 0.0141601664945483, 0.138751283288002
-6.04309796647939E-11 , -0.00103759835474193, 0.144464179873466
-4.79309786305393E-11 , 0.00109863362740725, 0.155474931001663
-3.54309810657316E-11 , 0.0054321326315403, 0.163830637931824
-2.2930980031477E-11 , -0.00811768136918545, 0.173169031739235
-1.04309798645841E-11 , -0.0253296084702015, 0.185980319976807
2.06902030230882E-12 , -0.0297241415828466, 0.195190533995628
1.45690213365635E-11 , 0.00317383045330644, 0.203436389565468
2.70690206360946E-11 , 0.051147498190403, 0.201977640390396
3.95690216703493E-11 , -0.0404663383960724, 0.203949078917503
5.20690227046039E-11 , -0.0277710165828466, 0.209802359342575
6.45690237388585E-11 , -0.000427246384788305, 0.213531613349915
7.70690247731132E-11 , 0.0051879920065403, 0.206610217690468
8.95690188684739E-11 , 0.00323486560955644, 0.205474957823753
1.02069019902729E-10 , 0.00921631511300802, 0.203436389565468
1.14569020936983E-10 , -0.00408935826271772, 0.197027683258057
1.27069021971238E-10 , -0.0393677055835724, 0.191552832722664
1.39569023005492E-10 , -0.00628662575036287, 0.180938810110092
1.52069024039747E-10 , -0.0108642652630806, 0.172845542430878
1.64569025074002E-10 , 0.0050659216940403, 0.16599129140377
1.77069026108256E-10 , 0.0149536235257983, 0.151373356580734
1.89569027142511E-10 , 0.017700208351016, 0.145770326256752
2.02069028176766E-10 , 0.0164795033633709, 0.136657774448395
2.1456902921102E-10 , 0.00170898553915322, 0.127551317214966
2.27069030245275E-10 , -0.00360107677988708, 0.118969775736332
2.3956903127953E-10 , -0.018005384132266, 0.10670780390501
2.52069032313784E-10 , -0.0223388839513063, 0.101263463497162
2.64569033348039E-10 , -0.0202636867761612, 0.0947754234075546
2.77069034382293E-10 , -0.0159301869571209, 0.0895080864429474
2.89569035416548E-10 , -0.00439453450962901, 0.0835815668106079
3.02069036450803E-10 , 0.000305176014080644, 0.0829162821173668
3.14569037485057E-10 , 0.00201416155323386, 0.082354761660099
3.27069038519312E-10 , -0.00604248465970159, 0.0890259072184563
3.39569011797991E-10 , -0.0115966880694032, 0.0894287377595901
3.52069012832246E-10 , -0.00762940011918545, 0.0930237099528313
3.645690138665E-10 , 0.0050659216940403, 0.0972168296575546
3.77069014900755E-10 , -0.00323486560955644, 0.110107466578484
3.8956901593501E-10 , -0.0114746177569032, 0.116644330322742
4.02069016969264E-10 , -0.0139160258695483, 0.131237849593163
4.14569018003519E-10 , -0.00683594215661287, 0.139648497104645
4.27069019037774E-10 , -0.017150891944766, 0.142089903354645
4.39569020072028E-10 , -0.00659180153161287, 0.157092362642288
4.52069021106283E-10 , -0.0054931677877903, 0.168121412396431
4.64569022140537E-10 , 0.00891113933175802, 0.175201505422592
4.77069050930368E-10 , -0.0164184682071209, 0.176806733012199
4.89569051964622E-10 , -0.0242309737950563, 0.189709573984146
5.02069052998877E-10 , 0.00567627372220159, 0.195129498839378
5.14569054033132E-10 , -0.0282592978328466, 0.207055777311325
5.27069055067386E-10 , 0.0115966880694032, 0.205432236194611
5.3956900059049E-10 , -0.0165405385196209, 0.207458600401878
5.52069001624744E-10 , -0.0223388839513063, 0.207995712757111
5.64569002658999E-10 , -0.00823975168168545, 0.209417834877968
5.77069003693254E-10 , -0.00469971029087901, 0.206335559487343
5.89569004727508E-10 , 0.00250244326889515, 0.2042176425457
6.02069005761763E-10 , 0.0136718843132257, 0.199969589710236
6.14569006796017E-10 , 0.0291748251765966, 0.192364603281021
6.27069007830272E-10 , 0.0295410361140966, 0.182910248637199
6.39569008864527E-10 , 0.018188489601016, 0.170977860689163
6.52069009898781E-10 , 0.0217285305261612, 0.161785960197449
6.64569010933036E-10 , -0.0208130031824112, 0.146978825330734
6.77069011967291E-10 , -0.0159301869571209, 0.147808909416199
6.89569013001545E-10 , -0.019042981788516, 0.137078911066055
7.020690140358E-10 , -0.0123901460319757, 0.13027349114418
7.14569015070055E-10 , -0.00866699870675802, 0.116900682449341
7.27069016104309E-10 , 0.0014648447977379, 0.109472699463367
7.39569017138564E-10 , 0.0141601664945483, 0.101928748190403
7.52069018172818E-10 , 0.0270996280014515, 0.0905212685465813
7.64569019207073E-10 , 0.00360107677988708, 0.0942871421575546
7.77069020241328E-10 , -0.0391846001148224, 0.089892603456974
7.89569021275582E-10 , 0.0352173112332821, 0.080828882753849
8.02069022309837E-10 , -0.0158081166446209, 0.0834900140762329
8.14569023344092E-10 , -0.0136108491569757, 0.0875854790210724
8.27069024378346E-10 , -0.00695801293477416, 0.085376001894474
8.39569025412601E-10 , 0.0243530441075563, 0.0944580361247063
8.52069026446856E-10 , -0.00885010417550802, 0.101318396627903
8.6456902748111E-10 , -0.0252685733139515, 0.104107700288296
8.77069028515365E-10 , -0.0098877027630806, 0.115850873291492
8.89569029549619E-10 , -0.0136718843132257, 0.127911433577538
9.02069030583874E-10 , -0.0213623195886612, 0.133685365319252
9.14569031618129E-10 , -0.00262451358139515, 0.142443910241127
9.27069032652383E-10 , 0.017028821632266, 0.152313306927681
9.39568978175487E-10 , 0.00659180153161287, 0.16263435781002
9.52068979209741E-10 , 0.00683594215661287, 0.172534257173538
9.64568980243996E-10 , 0.000488281599245965, 0.178869724273682
9.77068981278251E-10 , 0.0125732515007257, 0.190399274230003
