-9.97930960089377E-10 , -0.00653076637536287, 0.145379707217216
-9.85430959055122E-10 , 0.0054321326315403, 0.140966862440109
-9.72930958020868E-10 , 0.0121460044756532, 0.138806208968163
-9.60430956986613E-10 , 0.0144653422757983, 0.135296687483788
-9.47930955952359E-10 , 0.00891113933175802, 0.129956111311913
-9.35430954918104E-10 , 0.0153808705508709, 0.129400685429573
-9.22931009395001E-10 , 0.0048828162252903, 0.122601367533207
-9.10431008360746E-10 , 0.00775147043168545, 0.121710255742073
-8.97931007326491E-10 , -0.00457763997837901, 0.119909718632698
-8.85431006292237E-10 , 0.00573730887845159, 0.115802049636841
-8.72931005257982E-10 , 0.00646973121911287, 0.1126953586936
-8.60431004223727E-10 , -0.0116577232256532, 0.110321089625359
-8.47931003189473E-10 , -0.0131836030632257, 0.104522742331028
-8.35431002155218E-10 , -0.00262451358139515, 0.105267375707626
-8.22931001120963E-10 , -0.00213623209856451, 0.11159061640501
-8.10431000086709E-10 , -0.00360107677988708, 0.102081336081028
-7.97930999052454E-10 , -0.00390625279396772, 0.0996826514601707
-7.85430998018199E-10 , 0.017883313819766, 0.101776160299778
-7.72930996983945E-10 , 0.00115966878365725, 0.0986145362257957
-7.6043099594969E-10 , -0.00317383045330644, 0.0981506705284119
-7.47930994915436E-10 , -0.000671387184411287, 0.0963501334190369
-7.35430993881181E-10 , 0.00415039341896772, 0.0943298637866974
-7.22930992846926E-10 , -0.0146484477445483, 0.0994018912315369
-7.10430991812672E-10 , 0.00659180153161287, 0.10524296015501
-6.97930990778417E-10 , 0.0314331278204918, 0.105664104223251
-6.85430989744162E-10 , -0.0212402492761612, 0.104675330221653
-6.72930988709908E-10 , 0.00891113933175802, 0.105474889278412
-6.60430987675653E-10 , -0.0150146596133709, 0.104925572872162
-6.47930986641398E-10 , -0.0119628990069032, 0.105389446020126
-6.35430985607144E-10 , -0.017333997413516, 0.105786174535751
-6.22930984572889E-10 , -0.0254516787827015, 0.117163129150867
-6.10430983538635E-10 , -0.0052490271627903, 0.120227098464966
-5.9793098250438E-10 , 0.018737806007266, 0.118292286992073
-5.85430981470125E-10 , -0.000366211199434474, 0.121124319732189
-5.72930980435871E-10 , -0.00207519670948386, 0.123980768024921
-5.60430979401616E-10 , -0.0128784272819757, 0.128424122929573
-5.47930978367361E-10 , -0.00280761928297579, 0.13040167093277
-5.35430977333107E-10 , 0.00354004162363708, 0.134948790073395
-5.22930976298852E-10 , 0.00817871652543545, 0.136468559503555
-5.10430975264597E-10 , 0.00817871652543545, 0.140911921858788
-4.97930974230343E-10 , 0.00396728795021772, 0.142114326357841
-4.85430973196088E-10 , -0.018066419288516, 0.146960511803627
-4.72930972161834E-10 , -0.0225830245763063, 0.153515696525574
-4.60430998883155E-10 , 0.018310559913516, 0.154742509126663
-4.479309978489E-10 , 0.0143432719632983, 0.161334306001663
-4.35430996814645E-10 , -0.0330200418829918, 0.163665845990181
-4.22930995780391E-10 , -0.051147498190403, 0.164801105856895
-4.10430994746136E-10 , 0.0417480766773224, 0.168463215231895
-3.97930993711881E-10 , 0.00158691522665322, 0.174743741750717
-3.85430992677627E-10 , -0.0159301869571209, 0.17441414296627
-3.72930991643372E-10 , 0.00830078683793545, 0.175793543457985
-3.60430990609117E-10 , -0.0162353627383709, 0.179339691996574
-3.47930989574863E-10 , -0.0267944522202015, 0.181579679250717
-3.35430988540608E-10 , -0.0014648447977379, 0.184838965535164
-3.22930987506354E-10 , 0.0250854678452015, 0.184802338480949
-3.10430986472099E-10 , 0.0137939555570483, 0.185626313090324
-2.97930985437844E-10 , 0.0153808705508709, 0.186560153961182
-2.8543098440359E-10 , 0.00354004162363708, 0.189898774027824
-2.72930983369335E-10 , -0.018432630226016, 0.190625101327896
-2.6043098233508E-10 , 0.0279541220515966, 0.190411478281021
-2.47930981300826E-10 , 0.00701904809102416, 0.190490826964378
-2.35430980266571E-10 , -0.018859876319766, 0.188134863972664
-2.22930979232316E-10 , -0.018493665382266, 0.187176614999771
-2.10430978198062E-10 , -0.0197143703699112, 0.188501074910164
-1.97930977163807E-10 , -0.00891113933175802, 0.187146097421646
-1.85430976129553E-10 , 0.0114746177569032, 0.184478849172592
-1.72930975095298E-10 , 0.0149536235257983, 0.187902927398682
-1.60430987938831E-10 , 0.0255127139389515, 0.179443448781967
-1.47930986904576E-10 , 0.0111694419756532, 0.183184906840324
-1.35430985870322E-10 , -0.0320434793829918, 0.186224460601807
-1.22930984836067E-10 , -0.019409192726016, 0.176257416605949
-1.10430983801812E-10 , -0.0128784272819757, 0.17148445546627
-9.79309827675579E-11 , -0.0236206222325563, 0.169586271047592
-8.54309817333032E-11 , -0.0233764816075563, 0.168274000287056
-7.29309806990486E-11 , 0.00628662575036287, 0.162719801068306
-6.04309796647939E-11 , -0.00329590076580644, 0.158721998333931
-4.79309786305393E-11 , -0.0214233547449112, 0.15567634999752
-3.54309810657316E-11 , -0.00329590076580644, 0.153753727674484
-2.2930980031477E-11 , 0.00909424480050802, 0.152002021670341
-1.04309798645841E-11 , -0.00238037272356451, 0.153888016939163
2.06902030230882E-12 , -0.0115356529131532, 0.150817945599556
1.45690213365635E-11 , 0.00646973121911287, 0.14035040140152
2.70690206360946E-11 , 0.018249524757266, 0.13870245218277
3.95690216703493E-11 , 0.0128173921257257, 0.138861149549484
5.20690227046039E-11 , 0.0195312649011612, 0.134954899549484
6.45690237388585E-11 , -0.0326538309454918, 0.129632622003555
7.70690247731132E-11 , -0.0419922173023224, 0.126519829034805
8.95690188684739E-11 , -0.0119018638506532, 0.12557378411293
1.02069019902729E-10 , -0.0344238542020321, 0.122894339263439
1.14569020936983E-10 , -0.0114746177569032, 0.114746138453484
1.27069021971238E-10 , 0.000793457613326609, 0.1163574680686
1.39569023005492E-10 , 0.0122680747881532, 0.112890668213367
1.52069024039747E-10 , 0.0476684905588627, 0.106781043112278
1.64569025074002E-10 , -0.0117187583819032, 0.110223427414894
1.77069026108256E-10 , -0.0155029408633709, 0.107373088598251
1.89569027142511E-10 , -0.0110473707318306, 0.105297893285751
2.02069028176766E-10 , -0.017272962257266, 0.105157509446144
2.1456902921102E-10 , -0.0419311821460724, 0.100122109055519
2.27069030245275E-10 , -0.0167846791446209, 0.0970154106616974
2.3956903127953E-10 , -0.000488281599245965, 0.0993835777044296
2.52069032313784E-10 , -0.0051879920065403, 0.099945105612278
2.64569033348039E-10 , 0.00622559059411287, 0.0984009131789207
2.77069034382293E-10 , -0.00640869606286287, 0.100921668112278
2.89569035416548E-10 , 0.0151977650821209, 0.10164187848568
3.02069036450803E-10 , -0.00280761928297579, 0.103680454194546
3.14569037485057E-10 , 0.0238037277013063, 0.103833042085171
3.27069038519312E-10 , 0.016967786476016, 0.104968301951885
3.39569011797991E-10 , -0.0132446382194757, 0.103112831711769
3.52069012832246E-10 , -0.00848389323800802, 0.102093540132046
3.645690138665E-10 , -0.00598144950345159, 0.106243938207626
3.77069014900755E-10 , -0.0125732515007257, 0.111871384084225
3.8956901593501E-10 , 0.0101318433880806, 0.119580127298832
4.02069016969264E-10 , 0.0050659216940403, 0.114996381103992
4.14569018003519E-10 , -0.0220337063074112, 0.126989796757698
4.27069019037774E-10 , 0.00622559059411287, 0.125909477472305
4.39569020072028E-10 , 0.0311279520392418, 0.128497362136841
4.52069021106283E-10 , 0.0108032301068306, 0.127948045730591
4.64569022140537E-10 , 0.0119018638506532, 0.130987599492073
4.77069050930368E-10 , 0.0205688625574112, 0.13643804192543
4.89569051964622E-10 , 0.0221557784825563, 0.13656011223793
5.02069052998877E-10 , 0.00909424480050802, 0.140826478600502
5.14569054033132E-10 , -0.0128784272819757, 0.145422428846359
5.27069055067386E-10 , 0.00811768136918545, 0.151611402630806
5.3956900059049E-10 , 0.0114746177569032, 0.147338941693306
5.52069001624744E-10 , 0.00701904809102416, 0.159008860588074
5.64569002658999E-10 , 0.00811768136918545, 0.163336262106895
5.77069003693254E-10 , 0.00231933756731451, 0.16734017431736
5.89569004727508E-10 , -0.000671387184411287, 0.16879890859127
6.02069005761763E-10 , -0.000122070399811491, 0.170495688915253
6.14569006796017E-10 , -0.00616455497220159, 0.173950284719467
6.27069007830272E-10 , 0.0405273735523224, 0.175122156739235
6.39569008864527E-10 , -0.017883313819766, 0.180090427398682
6.52069009898781E-10 , -0.0121460044756532, 0.181787207722664
6.64569010933036E-10 , 0.018615735694766, 0.180865570902824
6.77069011967291E-10 , -0.00555420340970159, 0.18571175634861
6.89569013001545E-10 , -0.00408935826271772, 0.184607028961182
7.020690140358E-10 , 0.00292968959547579, 0.186267182230949
7.14569015070055E-10 , 0.00817871652543545, 0.188330173492432
7.27069016104309E-10 , -0.00457763997837901, 0.188678070902824
7.39569017138564E-10 , -0.0112915122881532, 0.187719821929932
7.52069018172818E-10 , 0.00823975168168545, 0.187054544687271
7.64569019207073E-10 , -0.00903320964425802, 0.189257904887199
7.77069020241328E-10 , -0.0266113467514515, 0.181878760457039
7.89569021275582E-10 , -0.00714111840352416, 0.191821381449699
8.02069022309837E-10 , 0.00604248465970159, 0.188153177499771
8.14569023344092E-10 , 0.00726318871602416, 0.186029151082039
8.27069024378346E-10 , 0.0151977650821209, 0.190307721495628
8.39569025412601E-10 , 0.0196533352136612, 0.185730069875717
8.52069026446856E-10 , 0.00878906901925802, 0.18192757666111
8.6456902748111E-10 , 0.0164184682071209, 0.180255219340324
8.77069028515365E-10 , 0.00341797107830644, 0.177075281739235
8.89569029549619E-10 , 0.00585937919095159, 0.175183191895485
9.02069030583874E-10 , 0.00616455497220159, 0.171984940767288
9.14569031618129E-10 , 0.0103149488568306, 0.167681962251663
9.27069032652383E-10 , 0.00634766090661287, 0.16818855702877
9.39568978175487E-10 , 0.0161132924258709, 0.163714677095413
9.52068979209741E-10 , 0.0225219894200563, 0.158581614494324
9.64568980243996E-10 , 0.0267334170639515, 0.156573563814163
9.77068981278251E-10 , 0.0200195461511612, 0.155889973044395
