-9.97930960089377E-10 , -0.00604248465970159, 0.176702961325645
-9.85430959055122E-10 , -0.00433349935337901, 0.173547446727753
-9.72930958020868E-10 , -0.018859876319766, 0.168878257274628
-9.60430956986613E-10 , -0.00817871652543545, 0.16800545156002
-9.47930955952359E-10 , -0.0163574330508709, 0.163452222943306
-9.35430954918104E-10 , -0.000610352028161287, 0.162158280611038
-9.22931009395001E-10 , -0.0114746177569032, 0.160083085298538
-9.10431008360746E-10 , -0.00341797107830644, 0.158221513032913
-8.97931007326491E-10 , -0.0111084068194032, 0.15787361562252
-8.85431006292237E-10 , -0.0205078274011612, 0.155194163322449
-8.72931005257982E-10 , -0.0343017838895321, 0.153802558779716
-8.60431004223727E-10 , -0.0708618685603142, 0.150323554873466
-8.47931003189473E-10 , 0.00463867513462901, 0.148626774549484
-8.35431002155218E-10 , -0.0206298977136612, 0.144372627139091
-8.22931001120963E-10 , -0.0222778487950563, 0.142358466982841
-8.10431000086709E-10 , -0.00885010417550802, 0.140985175967216
-7.97930999052454E-10 , 0.000549316813703626, 0.135626286268234
-7.85430998018199E-10 , 0.00628662575036287, 0.132342591881752
-7.72930996983945E-10 , 0.00390625279396772, 0.128778129816055
-7.6043099594969E-10 , 0.0054321326315403, 0.129095509648323
-7.47930994915436E-10 , 0.0106811597943306, 0.127825975418091
-7.35430993881181E-10 , 0.00891113933175802, 0.12636724114418
-7.22930992846926E-10 , 0.0150146596133709, 0.125347957015038
-7.10430991812672E-10 , 0.018981946632266, 0.124151661992073
-6.97930990778417E-10 , -0.00262451358139515, 0.118212938308716
-6.85430989744162E-10 , 0.0111084068194032, 0.1123291477561
-6.72930988709908E-10 , -0.0134277436882257, 0.107482947409153
-6.60430987675653E-10 , 0.0116577232256532, 0.103765904903412
-6.47930986641398E-10 , 0.0131225679069757, 0.103460729122162
-6.35430985607144E-10 , -0.00775147043168545, 0.101635776460171
-6.22930984572889E-10 , -0.0256958194077015, 0.103674352169037
-6.10430983538635E-10 , -0.0162353627383709, 0.0992004722356796
-5.9793098250438E-10 , 0.00415039341896772, 0.0934692695736885
-5.85430981470125E-10 , -0.0053100623190403, 0.0944702476263046
-5.72930980435871E-10 , 0.0213012844324112, 0.0932739526033401
-5.60430979401616E-10 , 0.00463867513462901, 0.0904785469174385
-5.47930978367361E-10 , -0.0145263774320483, 0.0885010063648224
-5.35430977333107E-10 , -0.00787354074418545, 0.0902221947908401
-5.22930976298852E-10 , 0.017089856788516, 0.0876831337809563
-5.10430975264597E-10 , 0.0130004975944757, 0.0860107690095901
-4.97930974230343E-10 , 0.00836182199418545, 0.0843933373689651
-4.85430973196088E-10 , 0.00616455497220159, 0.0818542689085007
-4.72930972161834E-10 , 0.00317383045330644, 0.083270289003849
-4.60430998883155E-10 , 0.0114135826006532, 0.0850525125861168
-4.479309978489E-10 , 0.019470227882266, 0.0848083719611168
-4.35430996814645E-10 , -0.00305175990797579, 0.0822754129767418
-4.22930995780391E-10 , -0.0166015736758709, 0.0786438211798668
-4.10430994746136E-10 , -0.000122070399811491, 0.0803467035293579
-3.97930993711881E-10 , -0.0337524637579918, 0.0806274637579918
-3.85430992677627E-10 , -0.0102539137005806, 0.0784851312637329
-3.72930991643372E-10 , 0.00451660482212901, 0.0784301981329918
-3.60430990609117E-10 , -0.0111084068194032, 0.0768799036741257
-3.47930989574863E-10 , -0.017456067726016, 0.0769775584340096
-3.35430988540608E-10 , -0.0122680747881532, 0.0761230662465096
-3.22930987506354E-10 , 0.017272962257266, 0.0785156488418579
-3.10430986472099E-10 , 0.0216674953699112, 0.0807007029652596
-2.97930985437844E-10 , 0.0117187583819032, 0.0808044672012329
-2.8543098440359E-10 , 0.00274658389389515, 0.0765075907111168
-2.72930983369335E-10 , 0.0263061709702015, 0.0791443064808846
-2.6043098233508E-10 , 0.0291748251765966, 0.0856567621231079
-2.47930981300826E-10 , 0.00671387184411287, 0.0824646204710007
-2.35430980266571E-10 , -0.00415039341896772, 0.0821960642933846
-2.22930979232316E-10 , 0.00305175990797579, 0.0861633569002151
-2.10430978198062E-10 , 0.00952149089425802, 0.0867553949356079
-1.97930977163807E-10 , -0.00750732980668545, 0.0906433388590813
-1.85430976129553E-10 , 0.00653076637536287, 0.0973327979445457
-1.72930975095298E-10 , 0.0220947414636612, 0.0918152183294296
-1.60430987938831E-10 , -0.00689697777852416, 0.0917908027768135
-1.47930986904576E-10 , -0.019104016944766, 0.0940613076090813
-1.35430985870322E-10 , 0.00903320964425802, 0.0970703437924385
-1.22930984836067E-10 , -0.017517102882266, 0.100683629512787
-1.10430983801812E-10 , -0.0424804985523224, 0.102410927414894
-9.79309827675579E-11 , -0.0257568545639515, 0.104675330221653
-8.54309817333032E-11 , -0.0112915122881532, 0.107202187180519
-7.29309806990486E-11 , -0.00329590076580644, 0.109582558274269
-6.04309796647939E-11 , -0.00726318871602416, 0.113616988062859
-4.79309786305393E-11 , 0.0049438513815403, 0.11531987041235
-3.54309810657316E-11 , 0.00866699870675802, 0.116449020802975
-2.2930980031477E-11 , 0.0048828162252903, 0.1201416477561
-1.04309798645841E-11 , -0.0145263774320483, 0.12233892083168
2.06902030230882E-12 , -0.0308838114142418, 0.12563481926918
1.45690213365635E-11 , -0.0227661300450563, 0.131268367171288
2.70690206360946E-11 , -0.0140991313382983, 0.131732240319252
3.95690216703493E-11 , -0.0260009951889515, 0.130554258823395
5.20690227046039E-11 , -0.0145263774320483, 0.137011781334877
6.45690237388585E-11 , -0.0115356529131532, 0.13552862405777
7.70690247731132E-11 , -0.0139160258695483, 0.141558900475502
8.95690188684739E-11 , -0.0201416164636612, 0.146972730755806
1.02069019902729E-10 , -0.0393677055835724, 0.148083567619324
1.14569020936983E-10 , 0.0162963978946209, 0.154119938611984
1.27069021971238E-10 , -0.0165405385196209, 0.153234928846359
1.39569023005492E-10 , -0.0260009951889515, 0.154388502240181
1.52069024039747E-10 , -0.00415039341896772, 0.158477857708931
1.64569025074002E-10 , 0.000549316813703626, 0.161053538322449
1.77069026108256E-10 , 0.0103759840130806, 0.16049812734127
1.89569027142511E-10 , -0.00585937919095159, 0.163775712251663
2.02069028176766E-10 , -0.0231933761388063, 0.169854819774628
2.1456902921102E-10 , -0.0280761923640966, 0.173352137207985
2.27069030245275E-10 , -0.017822278663516, 0.174151703715324
2.3956903127953E-10 , -0.0160522572696209, 0.17631234228611
2.52069032313784E-10 , 0.00952149089425802, 0.180432215332985
2.64569033348039E-10 , 0.018005384132266, 0.180627524852753
2.77069034382293E-10 , 0.00109863362740725, 0.179504483938217
2.89569035416548E-10 , 0.00317383045330644, 0.179998874664307
3.02069036450803E-10 , -0.00805664621293545, 0.183624356985092
3.14569037485057E-10 , -0.00933838542550802, 0.183764740824699
3.27069038519312E-10 , -0.0144043071195483, 0.185846045613289
3.39569011797991E-10 , 0.00158691522665322, 0.187030121684074
3.52069012832246E-10 , 0.00933838542550802, 0.187439054250717
3.645690138665E-10 , -0.0110473707318306, 0.193212985992432
3.77069014900755E-10 , -0.0204467922449112, 0.188910007476807
3.8956901593501E-10 , -0.0050659216940403, 0.196350201964378
4.02069016969264E-10 , 0.000976563198491931, 0.196447849273682
4.14569018003519E-10 , -0.0167846791446209, 0.196814060211182
4.27069019037774E-10 , 0.00659180153161287, 0.202356055378914
4.39569020072028E-10 , 0.0200805813074112, 0.199609473347664
4.52069021106283E-10 , 0.0117187583819032, 0.196228131651878
4.64569022140537E-10 , -0.00128173921257257, 0.194799900054932
4.77069050930368E-10 , -0.0233154464513063, 0.198407083749771
4.89569051964622E-10 , -0.0202026516199112, 0.197522073984146
5.02069052998877E-10 , 0.0098266676068306, 0.196710303425789
5.14569054033132E-10 , -0.0288086142390966, 0.197638034820557
5.27069055067386E-10 , 0.0111694419756532, 0.196386814117432
5.3956900059049E-10 , -0.0115966880694032, 0.196435645222664
5.52069001624744E-10 , -0.0244140792638063, 0.194873154163361
5.64569002658999E-10 , -0.00878906901925802, 0.191143900156021
5.77069003693254E-10 , -0.019287122413516, 0.194445893168449
5.89569004727508E-10 , -0.0108032301068306, 0.198986917734146
6.02069005761763E-10 , -0.019470227882266, 0.195977881550789
6.14569006796017E-10 , -0.00091552798403427, 0.188647553324699
6.27069007830272E-10 , -0.0321045145392418, 0.191198825836182
6.39569008864527E-10 , -0.00793457590043545, 0.191461279988289
6.52069009898781E-10 , 0.0115356529131532, 0.191168308258057
6.64569010933036E-10 , 0.00854492839425802, 0.191357523202896
6.77069011967291E-10 , -0.00476074544712901, 0.187396332621574
6.89569013001545E-10 , -0.019409192726016, 0.181848242878914
7.020690140358E-10 , -0.018310559913516, 0.179095551371574
7.14569015070055E-10 , -0.0259399600327015, 0.180175870656967
7.27069016104309E-10 , -0.0107421949505806, 0.175360187888145
7.39569017138564E-10 , 0.00091552798403427, 0.173028647899628
7.52069018172818E-10 , 0.0143432719632983, 0.17380990087986
7.64569019207073E-10 , 0.018798841163516, 0.172137528657913
7.77069020241328E-10 , 0.0114746177569032, 0.170166105031967
7.89569021275582E-10 , 0.0100097730755806, 0.171588212251663
8.02069022309837E-10 , -0.00683594215661287, 0.166351392865181
8.14569023344092E-10 , -0.00769043527543545, 0.165515214204788
8.27069024378346E-10 , -0.0129394624382257, 0.160223469138145
8.39569025412601E-10 , -0.00775147043168545, 0.154254227876663
8.52069026446856E-10 , -0.0120239341631532, 0.153222724795341
8.6456902748111E-10 , -0.00866699870675802, 0.151513740420341
8.77069028515365E-10 , 0.00408935826271772, 0.147802799940109
8.89569029549619E-10 , -0.0111084068194032, 0.141857966780663
9.02069030583874E-10 , 0.0239868331700563, 0.141839668154716
9.14569031618129E-10 , 0.0208740383386612, 0.143731757998466
9.27069032652383E-10 , 0.0130615327507257, 0.142016664147377
9.39568978175487E-10 , 0.0141601664945483, 0.136596739292145
9.52068979209741E-10 , 0.00201416155323386, 0.132952943444252
9.64568980243996E-10 , -0.0139770610257983, 0.13265386223793
9.77068981278251E-10 , 0.00427246419712901, 0.129498347640038
