-9.97930960089377E-10 , 0.00817871652543545, 0.183001801371574
-9.85430959055122E-10 , 0.0100708082318306, 0.168035969138145
-9.72930958020868E-10 , -0.00091552798403427, 0.163873374462128
-9.60430956986613E-10 , -0.00585937919095159, 0.15726326406002
-9.47930955952359E-10 , 0.0152588002383709, 0.137609928846359
-9.35430954918104E-10 , -0.0307007059454918, 0.12881475687027
-9.22931009395001E-10 , 0.0144653422757983, 0.118499800562859
-9.10431008360746E-10 , 0.00274658389389515, 0.111077927052975
-8.97931007326491E-10 , 0.0123901460319757, 0.0983032584190369
-8.85431006292237E-10 , -0.00457763997837901, 0.0940674170851707
-8.72931005257982E-10 , 0.00555420340970159, 0.0888428017497063
-8.60431004223727E-10 , 0.000244140799622983, 0.0859802514314651
-8.47931003189473E-10 , 0, 0.0851440653204918
-8.35431002155218E-10 , 0.00292968959547579, 0.0838623270392418
-8.22931001120963E-10 , 0, 0.0860046669840813
-8.10431000086709E-10 , -0.0140991313382983, 0.090319849550724
-7.97930999052454E-10 , -0.0144653422757983, 0.0979065299034119
-7.85430998018199E-10 , -0.00292968959547579, 0.103704869747162
-7.72930996983945E-10 , -0.00579834403470159, 0.118035934865475
-7.6043099594969E-10 , 0.00109863362740725, 0.124737598001957
-7.47930994915436E-10 , -0.00476074544712901, 0.132244929671288
-7.35430993881181E-10 , 0.0145263774320483, 0.144665598869324
-7.22930992846926E-10 , 0.0258789248764515, 0.155310124158859
-7.10430991812672E-10 , 0.0223388839513063, 0.165277183055878
-6.97930990778417E-10 , -0.0133056733757257, 0.171753019094467
-6.85430989744162E-10 , -0.0106201246380806, 0.184930518269539
-6.72930988709908E-10 , -0.00708008324727416, 0.194000348448753
-6.60430987675653E-10 , -0.0259399600327015, 0.197894394397736
-6.47930986641398E-10 , -0.017211927101016, 0.202752783894539
-6.35430985607144E-10 , 0.00109863362740725, 0.205352887511253
-6.22930984572889E-10 , 0.0051879920065403, 0.211712762713432
-6.10430983538635E-10 , 0.0103759840130806, 0.20879527926445
-5.9793098250438E-10 , -0.00158691522665322, 0.205310165882111
-5.85430981470125E-10 , -0.0148315532132983, 0.203863635659218
-5.72930980435871E-10 , 0.00646973121911287, 0.196807965636253
-5.60430979401616E-10 , 0.00158691522665322, 0.184411719441414
-5.47930978367361E-10 , -0.017517102882266, 0.176928803324699
-5.35430977333107E-10 , 0.018615735694766, 0.166333094239235
-5.22930976298852E-10 , -0.0425415337085724, 0.148712232708931
-5.10430975264597E-10 , -0.0226440597325563, 0.140631169080734
-4.97930974230343E-10 , -0.017517102882266, 0.135388240218163
-4.85430973196088E-10 , -0.0054931677877903, 0.125952199101448
-4.72930972161834E-10 , 0.00866699870675802, 0.112579390406609
-4.60430998883155E-10 , 0.00360107677988708, 0.105114787817001
-4.479309978489E-10 , 0.000976563198491931, 0.098114050924778
-4.35430996814645E-10 , -0.0108032301068306, 0.0886535942554474
-4.22930995780391E-10 , -0.0111084068194032, 0.083453394472599
-4.10430994746136E-10 , -0.0147705180570483, 0.0807861536741257
-3.97930993711881E-10 , 0.0136718843132257, 0.0848144814372063
-3.85430992677627E-10 , -0.0414429008960724, 0.0873108208179474
-3.72930991643372E-10 , -0.0123291099444032, 0.0882263481616974
-3.60430990609117E-10 , -0.0128173921257257, 0.0959106758236885
-3.47930989574863E-10 , -0.0220337063074112, 0.102941930294037
-3.35430988540608E-10 , -0.00396728795021772, 0.110400430858135
-3.22930987506354E-10 , -0.00659180153161287, 0.124481253325939
-3.10430986472099E-10 , -0.019226087257266, 0.133801326155663
-2.97930985437844E-10 , 0.00970459636300802, 0.139544740319252
-2.8543098440359E-10 , -0.00628662575036287, 0.149096742272377
-2.72930983369335E-10 , -0.0119018638506532, 0.160363852977753
-2.6043098233508E-10 , -0.0147094829007983, 0.169696122407913
-2.47930981300826E-10 , 0.00683594215661287, 0.179467856884003
-2.35430980266571E-10 , 0.018493665382266, 0.185937598347664
-2.22930979232316E-10 , -0.00799561105668545, 0.197784528136253
-2.10430978198062E-10 , -0.0106811597943306, 0.205798447132111
-1.97930977163807E-10 , 0.00335693592205644, 0.203222766518593
-1.85430976129553E-10 , -0.000732422398868948, 0.2056824862957
-1.72930975095298E-10 , -0.00280761928297579, 0.206018179655075
-1.60430987938831E-10 , 0.00903320964425802, 0.205108746886253
-1.47930986904576E-10 , 0.000732422398868948, 0.200671494007111
-1.35430985870322E-10 , -0.00457763997837901, 0.195074558258057
-1.22930984836067E-10 , 0.00408935826271772, 0.181280612945557
-1.10430983801812E-10 , 0.0201416164636612, 0.177215665578842
-9.79309827675579E-11 , -0.0341797135770321, 0.171643152832985
-8.54309817333032E-11 , 0.0128784272819757, 0.161163404583931
-7.29309806990486E-11 , 0.00933838542550802, 0.147827222943306
-6.04309796647939E-11 , 0.0346069596707821, 0.138433903455734
-4.79309786305393E-11 , 0.017395032569766, 0.12783208489418
-3.54309810657316E-11 , 6.10351999057457E-05, 0.11995854228735
-2.2930980031477E-11 , 0.000366211199434474, 0.109405562281609
-1.04309798645841E-11 , 0.0166626088321209, 0.0962402671575546
2.06902030230882E-12 , 0.0132446382194757, 0.0911804512143135
1.45690213365635E-11 , 0.018920911476016, 0.084643580019474
2.70690206360946E-11 , 0.0114746177569032, 0.0876465141773224
3.95690216703493E-11 , -0.0104980543255806, 0.0830505639314651
5.20690227046039E-11 , -0.0197754055261612, 0.0862793251872063
6.45690237388585E-11 , -0.0283203329890966, 0.0898559838533401
7.70690247731132E-11 , -0.017089856788516, 0.10133670270443
8.95690188684739E-11 , -0.00927735026925802, 0.101544223725796
1.02069019902729E-10 , 0.0336303934454918, 0.105419963598251
1.14569020936983E-10 , 0.00244140811264515, 0.118017628788948
1.27069021971238E-10 , 0.0295410361140966, 0.132092341780663
1.39569023005492E-10 , 0.00476074544712901, 0.138781800866127
1.52069024039747E-10 , -0.0275879111140966, 0.143518134951591
1.64569025074002E-10 , -0.0278930868953466, 0.160662919282913
1.77069026108256E-10 , -0.000854492769576609, 0.167633131146431
1.89569027142511E-10 , -0.00396728795021772, 0.180761814117432
2.02069028176766E-10 , -0.0147705180570483, 0.187469571828842
2.1456902921102E-10 , -0.018432630226016, 0.194146826863289
2.27069030245275E-10 , 0.0117187583819032, 0.200183212757111
2.3956903127953E-10 , 0.00109863362740725, 0.207000836730003
2.52069032313784E-10 , -0.018554700538516, 0.207782089710236
2.64569033348039E-10 , -0.017150891944766, 0.208288684487343
2.77069034382293E-10 , -0.0103759840130806, 0.206402689218521
2.89569035416548E-10 , 0.00628662575036287, 0.199469104409218
3.02069036450803E-10 , 0.00811768136918545, 0.198486432433128
3.14569037485057E-10 , 0.00347900646738708, 0.191375836730003
3.27069038519312E-10 , 0.00567627372220159, 0.175720304250717
3.39569011797991E-10 , 0.00109863362740725, 0.169488608837128
3.52069012832246E-10 , 0.00372314709238708, 0.16502083837986
3.645690138665E-10 , 0.00585937919095159, 0.149066224694252
3.77069014900755E-10 , -0.0099487379193306, 0.133581593632698
3.8956901593501E-10 , 0.00262451358139515, 0.128759816288948
4.02069016969264E-10 , -0.0132446382194757, 0.120367482304573
4.14569018003519E-10 , 0.0286865439265966, 0.108404584228992
4.27069019037774E-10 , -0.00122070405632257, 0.100701943039894
4.39569020072028E-10 , 0.0117797935381532, 0.0941650718450546
4.52069021106283E-10 , 0.0263061709702015, 0.0826111063361168
4.64569022140537E-10 , -0.0120239341631532, 0.086047388613224
4.77069050930368E-10 , -0.0350952409207821, 0.0801147669553757
4.89569051964622E-10 , 0.0316772684454918, 0.083392359316349
5.02069052998877E-10 , 0.0148925883695483, 0.0893493965268135
5.14569054033132E-10 , -0.0281372275203466, 0.0889343544840813
5.27069055067386E-10 , 0.0335083231329918, 0.0971435904502869
5.3956900059049E-10 , 0.0103759840130806, 0.104467809200287
5.52069001624744E-10 , -0.0133667085319757, 0.114172406494617
5.64569002658999E-10 , 0.00634766090661287, 0.125299125909805
5.77069003693254E-10 , -0.0253906436264515, 0.137457340955734
5.89569004727508E-10 , -0.0136718843132257, 0.144250556826591
6.02069005761763E-10 , -0.00714111840352416, 0.157977372407913
6.14569006796017E-10 , -0.017333997413516, 0.162622153759003
6.27069007830272E-10 , -0.0050659216940403, 0.17637337744236
6.39569008864527E-10 , -0.00909424480050802, 0.187896817922592
6.52069009898781E-10 , 0.0116577232256532, 0.196594342589378
6.64569010933036E-10 , -0.00329590076580644, 0.202368274331093
6.77069011967291E-10 , 0.0217895656824112, 0.204602152109146
6.89569013001545E-10 , 0.0247192550450563, 0.203033551573753
7.020690140358E-10 , 0.00762940011918545, 0.208862408995628
7.14569015070055E-10 , 0.0050048865377903, 0.203296005725861
7.27069016104309E-10 , 0.0195312649011612, 0.195172220468521
7.39569017138564E-10 , 0.00872803386300802, 0.195581153035164
7.52069018172818E-10 , -0.0054931677877903, 0.189843848347664
7.64569019207073E-10 , -0.0165405385196209, 0.181726172566414
7.77069020241328E-10 , -0.00836182199418545, 0.17508552968502
7.89569021275582E-10 , 0.0166015736758709, 0.169690027832985
8.02069022309837E-10 , 0.00683594215661287, 0.153527900576591
8.14569023344092E-10 , 0.0152588002383709, 0.142450019717216
8.27069024378346E-10 , 0.00732422387227416, 0.12978520989418
8.39569025412601E-10 , -0.0053710974752903, 0.125543266534805
8.52069026446856E-10 , -0.00158691522665322, 0.114959761500359
8.6456902748111E-10 , 0.0302124246954918, 0.100708045065403
8.77069028515365E-10 , 0.0245971847325563, 0.0930054038763046
8.89569029549619E-10 , -0.00158691522665322, 0.0921325981616974
9.02069030583874E-10 , -0.0123291099444032, 0.0914978310465813
9.14569031618129E-10 , -0.00579834403470159, 0.0846191644668579
9.27069032652383E-10 , 0.0221557784825563, 0.0829834192991257
9.39568978175487E-10 , -0.0377807877957821, 0.0863708779215813
9.52068979209741E-10 , -0.0371094010770321, 0.0894409492611885
9.64568980243996E-10 , -0.00341797107830644, 0.0955810844898224
9.77068981278251E-10 , 0.000793457613326609, 0.104858435690403
