-9.97930960089377E-10 , 0.0268554873764515, 0.152868717908859
-9.85430959055122E-10 , 0.0151367299258709, 0.149163886904716
-9.72930958020868E-10 , 0.0015258799539879, 0.141674861311913
-9.60430956986613E-10 , 0.0233154464513063, 0.138067692518234
-9.47930955952359E-10 , 0.0317993387579918, 0.135266169905663
-9.35430954918104E-10 , -0.00219726725481451, 0.128735408186913
-9.22931009395001E-10 , 0.0131836030632257, 0.124298147857189
-9.10431008360746E-10 , -0.00091552798403427, 0.117425583302975
-8.97931007326491E-10 , 0.00360107677988708, 0.10792850703001
-8.85431006292237E-10 , 0.00567627372220159, 0.104760780930519
-8.72931005257982E-10 , -0.0167236439883709, 0.0998169258236885
-8.60431004223727E-10 , -0.0107421949505806, 0.100231967866421
-8.47931003189473E-10 , -0.00756836496293545, 0.0971008613705635
-8.35431002155218E-10 , 0.0103149488568306, 0.0970215201377869
-8.22931001120963E-10 , -0.0248413272202015, 0.0947510078549385
-8.10431000086709E-10 , -0.0213012844324112, 0.0839599817991257
-7.97930999052454E-10 , 0.00347900646738708, 0.0836303979158401
-7.85430998018199E-10 , -0.0294800009578466, 0.082171656191349
-7.72930996983945E-10 , 0.0224609542638063, 0.0787109583616257
-7.6043099594969E-10 , 0.0331421121954918, 0.0800476297736168
-7.47930994915436E-10 , 0.00885010417550802, 0.0812439173460007
-7.35430993881181E-10 , 0.00189209124073386, 0.0842956751585007
-7.22930992846926E-10 , 0.0136108491569757, 0.0846496820449829
-7.10430991812672E-10 , 0.00476074544712901, 0.0867126733064651
-6.97930990778417E-10 , 0.0212402492761612, 0.090411402285099
-6.85430989744162E-10 , 0.00469971029087901, 0.0884399712085724
-6.72930988709908E-10 , -0.0131225679069757, 0.0884765908122063
-6.60430987675653E-10 , -0.0246582198888063, 0.0946350395679474
-6.47930986641398E-10 , -0.0410766899585724, 0.0985962226986885
-6.35430985607144E-10 , -0.0197754055261612, 0.101861611008644
-6.22930984572889E-10 , -0.0391235649585724, 0.112439006567001
-6.10430983538635E-10 , -0.00439453450962901, 0.113067671656609
-5.9793098250438E-10 , -0.0134277436882257, 0.115350387990475
-5.85430981470125E-10 , 0.0150146596133709, 0.123461961746216
-5.72930980435871E-10 , 0.00689697777852416, 0.130011036992073
-5.60430979401616E-10 , 0.00341797107830644, 0.13827520608902
-5.47930978367361E-10 , 0.00720215355977416, 0.14010626077652
-5.35430977333107E-10 , -0.00323486560955644, 0.144372627139091
-5.22930976298852E-10 , -0.00219726725481451, 0.155432194471359
-5.10430975264597E-10 , 0.00555420340970159, 0.159552082419395
-4.97930974230343E-10 , 0.0124511811882257, 0.16495369374752
-4.85430973196088E-10 , -0.0128784272819757, 0.165161207318306
-4.72930972161834E-10 , 0.0368652604520321, 0.17411507666111
-4.60430998883155E-10 , -0.0457153655588627, 0.177307218313217
-4.479309978489E-10 , -0.0102539137005806, 0.179376304149628
-4.35430996814645E-10 , -0.00726318871602416, 0.180053800344467
-4.22930995780391E-10 , -0.0247802920639515, 0.187725931406021
-4.10430994746136E-10 , -0.0199585109949112, 0.194488629698753
-3.97930993711881E-10 , 0.0097656324505806, 0.191906839609146
-3.85430992677627E-10 , 0.0136718843132257, 0.197662457823753
-3.72930991643372E-10 , 0.00134277436882257, 0.201233014464378
-3.60430990609117E-10 , 0.0255127139389515, 0.201995953917503
-3.47930989574863E-10 , -0.0333862528204918, 0.203338727355003
-3.35430988540608E-10 , 0.0121460044756532, 0.206335559487343
-3.22930987506354E-10 , 0.00592041434720159, 0.206897079944611
-3.10430986472099E-10 , 0.00396728795021772, 0.205999866127968
-2.97930985437844E-10 , -0.0149536235257983, 0.201361194252968
-2.8543098440359E-10 , -0.0235595870763063, 0.204388529062271
-2.72930983369335E-10 , 0.00231933756731451, 0.202453717589378
-2.6043098233508E-10 , 0.0169067494571209, 0.198675632476807
-2.47930981300826E-10 , 0.0137329204007983, 0.201782330870628
-2.35430980266571E-10 , -0.0145874125882983, 0.196984961628914
-2.22930979232316E-10 , -0.0382690690457821, 0.195861920714378
-2.10430978198062E-10 , 0.0229492355138063, 0.196801856160164
-1.97930977163807E-10 , 0.0432129204273224, 0.188690274953842
-1.85430976129553E-10 , -0.0147094829007983, 0.184808447957039
-1.72930975095298E-10 , -0.0163574330508709, 0.181518644094467
-1.60430987938831E-10 , 0.00775147043168545, 0.175732508301735
-1.47930986904576E-10 , 0.0167236439883709, 0.167938306927681
-1.35430985870322E-10 , -0.0200805813074112, 0.166955649852753
-1.22930984836067E-10 , 0.0144043071195483, 0.162384107708931
-1.10430983801812E-10 , 0.0245971847325563, 0.15567634999752
-9.79309827675579E-11 , 0.049560584127903, 0.146856755018234
-8.54309817333032E-11 , 0.0143432719632983, 0.14053350687027
-7.29309806990486E-11 , 0.018310559913516, 0.138116523623466
-6.04309796647939E-11 , 0.0105590894818306, 0.132128968834877
-4.79309786305393E-11 , -0.00128173921257257, 0.128576710820198
-3.54309810657316E-11 , 0.00378418248146772, 0.124981738626957
-2.2930980031477E-11 , -0.0259399600327015, 0.118261769413948
-1.04309798645841E-11 , -0.00830078683793545, 0.108502238988876
2.06902030230882E-12 , -0.000671387184411287, 0.105212442576885
1.45690213365635E-11 , 0.0221557784825563, 0.0996582359075546
2.70690206360946E-11 , 0.0246582198888063, 0.098663367331028
3.95690216703493E-11 , 0.0054931677877903, 0.0966247916221619
5.20690227046039E-11 , -0.000671387184411287, 0.0939880684018135
6.45690237388585E-11 , -0.00109863362740725, 0.0935974419116974
7.70690247731132E-11 , 0.000488281599245965, 0.0914062783122063
8.95690188684739E-11 , 0.0111694419756532, 0.0851196572184563
1.02069019902729E-10 , -0.0247192550450563, 0.0834594964981079
1.14569020936983E-10 , -0.00103759835474193, 0.0825134515762329
1.27069021971238E-10 , -0.0098877027630806, 0.0829223841428757
1.39569023005492E-10 , -0.00927735026925802, 0.0826050043106079
1.52069024039747E-10 , 0.0147705180570483, 0.0827759057283401
1.64569025074002E-10 , -0.0103149488568306, 0.0821289271116257
1.77069026108256E-10 , -0.00885010417550802, 0.0829162821173668
1.89569027142511E-10 , 0.0100708082318306, 0.087268091738224
2.02069028176766E-10 , -0.00280761928297579, 0.0910156518220901
2.1456902921102E-10 , -0.0432129204273224, 0.091174341738224
2.27069030245275E-10 , 0.0458374358713627, 0.0994934439659119
2.3956903127953E-10 , 0.0156250111758709, 0.106481969356537
2.52069032313784E-10 , -0.0050659216940403, 0.102154575288296
2.64569033348039E-10 , 0.00292968959547579, 0.111004680395126
2.77069034382293E-10 , -0.0143432719632983, 0.111944623291492
2.89569035416548E-10 , 0.00189209124073386, 0.119671680033207
3.02069036450803E-10 , -0.0126953218132257, 0.121832326054573
3.14569037485057E-10 , -0.0236816573888063, 0.131884828209877
3.27069038519312E-10 , -0.019348157569766, 0.13845831155777
3.39569011797991E-10 , -0.0166015736758709, 0.139209046959877
3.52069012832246E-10 , 0.0049438513815403, 0.147070378065109
3.645690138665E-10 , 0.0202636867761612, 0.152417063713074
3.77069014900755E-10 , -0.0226440597325563, 0.158313065767288
3.8956901593501E-10 , 0.0050048865377903, 0.164233475923538
4.02069016969264E-10 , 0.0292358603328466, 0.17111824452877
4.14569018003519E-10 , 0.0469971038401127, 0.176721274852753
4.27069019037774E-10 , 0.018249524757266, 0.175860688090324
4.39569020072028E-10 , 0.00915527995675802, 0.176593109965324
4.52069021106283E-10 , -0.0159912221133709, 0.189166352152824
4.64569022140537E-10 , -0.0640869587659836, 0.189288422465324
4.77069050930368E-10 , -0.0269165225327015, 0.194342136383057
4.89569051964622E-10 , -0.0100097730755806, 0.197357282042503
5.02069052998877E-10 , -0.0113525474444032, 0.201477155089378
5.14569054033132E-10 , -0.018188489601016, 0.202789410948753
5.27069055067386E-10 , 0.0254516787827015, 0.202923685312271
5.3956900059049E-10 , -0.050720252096653, 0.20659801363945
5.52069001624744E-10 , 0.0128784272819757, 0.209118768572807
5.64569002658999E-10 , -0.017639173194766, 0.20501109957695
5.77069003693254E-10 , -0.0476074554026127, 0.205401718616486
5.89569004727508E-10 , -0.00091552798403427, 0.208679303526878
6.02069005761763E-10 , -0.0137939555570483, 0.205542102456093
6.14569006796017E-10 , 0.0111084068194032, 0.206390485167503
6.27069007830272E-10 , -0.00408935826271772, 0.204333603382111
6.39569008864527E-10 , -0.00347900646738708, 0.201916605234146
6.52069009898781E-10 , 0.00305175990797579, 0.195416361093521
6.64569010933036E-10 , 0.00573730887845159, 0.190466403961182
6.77069011967291E-10 , 0.00292968959547579, 0.190930277109146
6.89569013001545E-10 , 0.0154419057071209, 0.18510140478611
7.020690140358E-10 , -0.018676770851016, 0.181506440043449
7.14569015070055E-10 , 0.00323486560955644, 0.177948087453842
7.27069016104309E-10 , 0.019348157569766, 0.169317707419395
7.39569017138564E-10 , -0.00219726725481451, 0.162811353802681
7.52069018172818E-10 , -0.016967786476016, 0.162170484662056
7.64569019207073E-10 , -0.018005384132266, 0.15677498281002
7.77069020241328E-10 , -0.00640869606286287, 0.148022532463074
7.89569021275582E-10 , 0.00598144950345159, 0.149047926068306
8.02069022309837E-10 , 0.00726318871602416, 0.14016729593277
8.14569023344092E-10 , 0.00360107677988708, 0.132397517561913
8.27069024378346E-10 , 0.00396728795021772, 0.128613337874413
8.39569025412601E-10 , 0.00451660482212901, 0.126910448074341
8.52069026446856E-10 , -0.00756836496293545, 0.123339891433716
8.6456902748111E-10 , -0.0121460044756532, 0.116210982203484
8.77069028515365E-10 , -0.0109253004193306, 0.109979286789894
8.89569029549619E-10 , -0.00384521763771772, 0.104565471410751
9.02069030583874E-10 , 0.00183105596806854, 0.10444950312376
9.14569031618129E-10 , 0.00384521763771772, 0.100860632956028
9.27069032652383E-10 , 0.0166015736758709, 0.0947632119059563
9.39568978175487E-10 , 0.0348511002957821, 0.0904175117611885
9.52068979209741E-10 , 0.0274048056453466, 0.0910034477710724
9.64568980243996E-10 , 0.00946045573800802, 0.0870422646403313
9.77068981278251E-10 , -0.0100097730755806, 0.085101343691349
