-9.97930960089377E-10 , -0.00329590076580644, 0.139379948377609
-9.85430959055122E-10 , 0.00921631511300802, 0.149896308779716
-9.72930958020868E-10 , -0.0099487379193306, 0.168823331594467
-9.60430956986613E-10 , -0.0142822368070483, 0.169433683156967
-9.47930955952359E-10 , -0.0112915122881532, 0.175592124462128
-9.35430954918104E-10 , 0.00311279529705644, 0.183172702789307
-9.22931009395001E-10 , -0.0399780571460724, 0.184680268168449
-9.10431008360746E-10 , -0.00769043527543545, 0.187170505523682
-8.97931007326491E-10 , -0.0158691518008709, 0.179034516215324
-8.85431006292237E-10 , -0.0101928785443306, 0.17692269384861
-8.72931005257982E-10 , -0.0222168136388063, 0.169384852051735
-8.60431004223727E-10 , -0.018554700538516, 0.160022050142288
-8.47931003189473E-10 , 0.00280761928297579, 0.149670481681824
-8.35431002155218E-10 , -0.0239868331700563, 0.140783756971359
-8.22931001120963E-10 , 0.00793457590043545, 0.130847230553627
-8.10431000086709E-10 , 0.0134887788444757, 0.120001271367073
-7.97930999052454E-10 , 0.00445556966587901, 0.114593550562859
-7.85430998018199E-10 , -0.0201416164636612, 0.111322067677975
-7.72930996983945E-10 , -0.019165052101016, 0.105322301387787
-7.6043099594969E-10 , 0.00439453450962901, 0.101440466940403
-7.47930994915436E-10 , 0.0204467922449112, 0.11012577265501
-7.35430993881181E-10 , 0.017272962257266, 0.113867230713367
-7.22930992846926E-10 , 0.0160522572696209, 0.121337942779064
-7.10430991812672E-10 , -0.00671387184411287, 0.127948045730591
-6.97930990778417E-10 , -0.017211927101016, 0.14218145608902
-6.85430989744162E-10 , -0.0237426925450563, 0.151916578412056
-6.72930988709908E-10 , -0.0101318433880806, 0.16074226796627
-6.60430987675653E-10 , -0.00878906901925802, 0.167816236615181
-6.47930986641398E-10 , -0.00927735026925802, 0.171893388032913
-6.35430985607144E-10 , -0.0108032301068306, 0.175988852977753
-6.22930984572889E-10 , 0.018432630226016, 0.181140229105949
-6.10430983538635E-10 , 0.0139770610257983, 0.186212256550789
-5.9793098250438E-10 , 0.0131225679069757, 0.183978363871574
-5.85430981470125E-10 , 0.00823975168168545, 0.178973481059074
-5.72930980435871E-10 , 0.00903320964425802, 0.170239344239235
-5.60430979401616E-10 , 0.0572510175406933, 0.161883622407913
-5.47930978367361E-10 , -0.0291748251765966, 0.150537177920341
-5.35430977333107E-10 , -0.00207519670948386, 0.139563053846359
-5.22930976298852E-10 , -0.000427246384788305, 0.124072320759296
-5.10430975264597E-10 , 0.018920911476016, 0.120825245976448
-4.97930974230343E-10 , 0, 0.116247601807117
-4.85430973196088E-10 , 0.000976563198491931, 0.107708781957626
-4.72930972161834E-10 , 0.0053710974752903, 0.107183881103992
-4.60430998883155E-10 , 0.0105590894818306, 0.104376256465912
-4.479309978489E-10 , -0.00573730887845159, 0.109869427978992
-4.35430996814645E-10 , -0.0379638932645321, 0.112616010010242
-4.22930995780391E-10 , -0.0399780571460724, 0.120105028152466
-4.10430994746136E-10 , -0.0199585109949112, 0.12893071770668
-3.97930993711881E-10 , -0.0117187583819032, 0.133245900273323
-3.85430992677627E-10 , 0.00689697777852416, 0.151080384850502
-3.72930991643372E-10 , 0.0160522572696209, 0.159368976950645
-3.60430990609117E-10 , 0.00347900646738708, 0.170282065868378
-3.47930989574863E-10 , 0.0108032301068306, 0.175402924418449
-3.35430988540608E-10 , -0.0048828162252903, 0.178796470165253
-3.22930987506354E-10 , 0.00946045573800802, 0.180590912699699
-3.10430986472099E-10 , 0.0099487379193306, 0.177764981985092
-2.97930985437844E-10 , 0.0206909328699112, 0.181366056203842
-2.8543098440359E-10 , -0.0255127139389515, 0.177398771047592
-2.72930983369335E-10 , -0.00799561105668545, 0.166857987642288
-2.6043098233508E-10 , -0.0117187583819032, 0.157635569572449
-2.47930981300826E-10 , -0.0228882003575563, 0.149371400475502
-2.35430980266571E-10 , -0.018493665382266, 0.139056459069252
-2.22930979232316E-10 , -0.017028821632266, 0.130261287093163
-2.10430978198062E-10 , 0.00427246419712901, 0.121075488626957
-1.97930977163807E-10 , -0.0411987602710724, 0.114733934402466
-1.85430976129553E-10 , -0.00634766090661287, 0.112011760473251
-1.72930975095298E-10 , -0.0195312649011612, 0.105596959590912
-1.60430987938831E-10 , -0.017272962257266, 0.105072058737278
-1.47930986904576E-10 , 0.00958252605050802, 0.10359501093626
-1.35430985870322E-10 , -0.00799561105668545, 0.108105510473251
-1.22930984836067E-10 , -0.00860596355050802, 0.124688774347305
-1.10430983801812E-10 , 0.0133056733757257, 0.131585747003555
-9.79309827675579E-11 , 0.0134887788444757, 0.13546147942543
-8.54309817333032E-11 , -0.00274658389389515, 0.149163886904716
-7.29309806990486E-11 , 0.017333997413516, 0.159796223044395
-6.04309796647939E-11 , 0.00921631511300802, 0.167956620454788
-4.79309786305393E-11 , -0.0051269568502903, 0.176037684082985
-3.54309810657316E-11 , -0.0169067494571209, 0.178729340434074
-2.2930980031477E-11 , -0.00262451358139515, 0.179028406739235
-1.04309798645841E-11 , 0.00250244326889515, 0.184948816895485
2.06902030230882E-12 , 0.0413818657398224, 0.183105558156967
1.45690213365635E-11 , 0.00634766090661287, 0.175549402832985
2.70690206360946E-11 , -0.0155639760196209, 0.16959847509861
3.95690216703493E-11 , -0.0134887788444757, 0.157367020845413
5.20690227046039E-11 , -0.0277099814265966, 0.153814762830734
6.45690237388585E-11 , 0.0151977650821209, 0.140301570296288
7.70690247731132E-11 , -0.00598144950345159, 0.121093802154064
8.95690188684739E-11 , 0.0474853850901127, 0.118280075490475
1.02069019902729E-10 , 0.0155639760196209, 0.117724657058716
1.14569020936983E-10 , -6.10351999057457E-05, 0.109417766332626
1.27069021971238E-10 , -0.0162353627383709, 0.10621952265501
1.39569023005492E-10 , -0.0366211198270321, 0.102807655930519
1.52069024039747E-10 , -0.0216064602136612, 0.107653848826885
1.64569025074002E-10 , -0.00573730887845159, 0.112658731639385
1.77069026108256E-10 , -0.0271606631577015, 0.122863821685314
1.89569027142511E-10 , -0.017089856788516, 0.13204962015152
2.02069028176766E-10 , -0.00128173921257257, 0.141430720686913
2.1456902921102E-10 , 6.10351999057457E-05, 0.151605293154716
2.27069030245275E-10 , 0.00927735026925802, 0.156988605856895
2.3956903127953E-10 , 0.00109863362740725, 0.165271073579788
2.52069032313784E-10 , -0.0310058817267418, 0.17326058447361
2.64569033348039E-10 , -0.0450439788401127, 0.180139243602753
2.77069034382293E-10 , 0.0112304771319032, 0.180578708648682
2.89569035416548E-10 , -0.0211792141199112, 0.183050632476807
3.02069036450803E-10 , -0.0117187583819032, 0.181488126516342
3.14569037485057E-10 , -0.0150146596133709, 0.175549402832985
3.27069038519312E-10 , 0.000488281599245965, 0.164300620555878
3.39569011797991E-10 , -0.0111694419756532, 0.160321116447449
3.52069012832246E-10 , -0.0231933761388063, 0.149572819471359
3.645690138665E-10 , -0.00671387184411287, 0.135089173913002
3.77069014900755E-10 , -0.0207519680261612, 0.12686163187027
3.8956901593501E-10 , 0.0159912221133709, 0.117199756205082
4.02069016969264E-10 , 0.0115966880694032, 0.11000370234251
4.14569018003519E-10 , 0.0114135826006532, 0.108740277588367
4.27069019037774E-10 , -0.0128173921257257, 0.104772984981537
4.39569020072028E-10 , -0.00164795038290322, 0.104797400534153
4.52069021106283E-10 , -0.0014038096414879, 0.107812538743019
4.64569022140537E-10 , -0.00885010417550802, 0.115594528615475
4.77069050930368E-10 , 0.0299682840704918, 0.125848442316055
4.89569051964622E-10 , 0.0321655496954918, 0.129754692316055
5.02069052998877E-10 , 0.0129394624382257, 0.139227360486984
5.14569054033132E-10 , -0.0139770610257983, 0.155566483736038
5.27069055067386E-10 , 0.00354004162363708, 0.163336262106895
5.3956900059049E-10 , -0.0311889871954918, 0.165161207318306
5.52069001624744E-10 , -0.0271606631577015, 0.175598233938217
5.64569002658999E-10 , -0.0109863355755806, 0.180194184184074
5.77069003693254E-10 , -0.0131836030632257, 0.186077982187271
5.89569004727508E-10 , -0.0165405385196209, 0.18516243994236
6.02069005761763E-10 , -0.0118408286944032, 0.183703705668449
6.14569006796017E-10 , 0.00469971029087901, 0.177783295512199
6.27069007830272E-10 , -0.00671387184411287, 0.171740800142288
6.39569008864527E-10 , -0.00390625279396772, 0.160791099071503
6.52069009898781E-10 , -0.0098266676068306, 0.154437333345413
6.64569010933036E-10 , -0.00561523856595159, 0.142077699303627
6.77069011967291E-10 , -0.00244140811264515, 0.127606257796288
6.89569013001545E-10 , -0.00354004162363708, 0.120929002761841
7.020690140358E-10 , 0.00555420340970159, 0.11190190166235
7.14569015070055E-10 , 0.00115966878365725, 0.110522501170635
7.27069016104309E-10 , 0.0261841006577015, 0.104077182710171
7.39569017138564E-10 , 0.0343628190457821, 0.10530399531126
7.52069018172818E-10 , 0.018188489601016, 0.108758583664894
7.64569019207073E-10 , 0.018920911476016, 0.112841837108135
7.77069020241328E-10 , 0.00769043527543545, 0.118896529078484
7.89569021275582E-10 , 0.0160522572696209, 0.12741094827652
8.02069022309837E-10 , 0.0112304771319032, 0.136029109358788
8.14569023344092E-10 , 0.00396728795021772, 0.146539375185966
8.27069024378346E-10 , 0.00292968959547579, 0.157867506146431
8.39569025412601E-10 , 0.0049438513815403, 0.167352378368378
8.52069026446856E-10 , 0.00878906901925802, 0.176641926169395
8.6456902748111E-10 , 0.00677490700036287, 0.182086274027824
8.77069028515365E-10 , -0.00604248465970159, 0.180798426270485
8.89569029549619E-10 , 0.00402832310646772, 0.18113411962986
9.02069030583874E-10 , 0.0242920089513063, 0.179010093212128
9.14569031618129E-10 , -0.0109863355755806, 0.175903409719467
9.27069032652383E-10 , -0.0208130031824112, 0.170794755220413
9.39568978175487E-10 , 0.0108642652630806, 0.161346510052681
9.52068979209741E-10 , -0.0161743275821209, 0.152880936861038
9.64568980243996E-10 , -0.0421142876148224, 0.137262016534805
9.77068981278251E-10 , -0.0119018638506532, 0.131121888756752
