-9.97930960089377E-10 , 0.017700208351016, 0.131298884749413
-9.85430959055122E-10 , -0.00128173921257257, 0.13522344827652
-9.72930958020868E-10 , -0.0050048865377903, 0.133770808577538
-9.60430956986613E-10 , 0.0149536235257983, 0.141674861311913
-9.47930955952359E-10 , 0.0314331278204918, 0.147882148623466
-9.35430954918104E-10 , 0.018249524757266, 0.157318189740181
-9.22931009395001E-10 , 0.0204467922449112, 0.164093092083931
-9.10431008360746E-10 , 0.0360107682645321, 0.163330152630806
-8.97931007326491E-10 , 0.0276489462703466, 0.167987138032913
-8.85431006292237E-10 , 0.0261230655014515, 0.16746224462986
-8.72931005257982E-10 , 0.0131225679069757, 0.170398026704788
-8.60431004223727E-10 , -0.00256347842514515, 0.169665604829788
-8.47931003189473E-10 , 0.00360107677988708, 0.16795052587986
-8.35431002155218E-10 , 0.0114135826006532, 0.165173426270485
-8.22931001120963E-10 , 0.00750732980668545, 0.160339429974556
-8.10431000086709E-10 , -0.00799561105668545, 0.162127763032913
-7.97930999052454E-10 , -0.0114135826006532, 0.151867747306824
-7.85430998018199E-10 , 0.00396728795021772, 0.14450079202652
-7.72930996983945E-10 , -0.00329590076580644, 0.138354554772377
-7.6043099594969E-10 , 0.0285034384578466, 0.135803282260895
-7.47930994915436E-10 , 0.0231933761388063, 0.131292775273323
-7.35430993881181E-10 , -0.0114135826006532, 0.126641899347305
-7.22930992846926E-10 , -0.00274658389389515, 0.12484136223793
-7.10430991812672E-10 , 0.0205688625574112, 0.121160939335823
-6.97930990778417E-10 , 0.0160522572696209, 0.113232463598251
-6.85430989744162E-10 , 0.00268554873764515, 0.1164795383811
-6.72930988709908E-10 , 0.017333997413516, 0.123278856277466
-6.60430987675653E-10 , 0.0123291099444032, 0.118743941187859
-6.47930986641398E-10 , -0.00878906901925802, 0.12606817483902
-6.35430985607144E-10 , -0.00213623209856451, 0.132421925663948
-6.22930984572889E-10 , -0.00439453450962901, 0.13448491692543
-6.10430983538635E-10 , -0.00860596355050802, 0.139074772596359
-5.9793098250438E-10 , -0.0048828162252903, 0.147711247205734
-5.85430981470125E-10 , 0.0261230655014515, 0.149231031537056
-5.72930980435871E-10 , 0.050231970846653, 0.15573738515377
-5.60430979401616E-10 , -0.00170898553915322, 0.161993488669395
-5.47930978367361E-10 , 0.0133056733757257, 0.165826499462128
-5.35430977333107E-10 , 0.0147094829007983, 0.170501798391342
-5.22930976298852E-10 , 0.0238647628575563, 0.172424405813217
-5.10430975264597E-10 , 0.0140380961820483, 0.171905606985092
-4.97930974230343E-10 , -0.00970459636300802, 0.171417325735092
-4.85430973196088E-10 , -0.0197754055261612, 0.171936124563217
-4.72930972161834E-10 , -0.00427246419712901, 0.166040122509003
-4.60430998883155E-10 , 0.0253296084702015, 0.164642408490181
-4.479309978489E-10 , 0.0205078274011612, 0.158776924014091
-4.35430996814645E-10 , -0.0099487379193306, 0.154998853802681
-4.22930995780391E-10 , -0.0197754055261612, 0.149444654583931
-4.10430994746136E-10 , -0.0155029408633709, 0.143512025475502
-3.97930993711881E-10 , -0.0256958194077015, 0.136615052819252
-3.85430992677627E-10 , -0.0138549907132983, 0.127691701054573
-3.72930991643372E-10 , -0.00909424480050802, 0.123321585357189
-3.60430990609117E-10 , 0.0048828162252903, 0.123022511601448
-3.47930989574863E-10 , -0.0103149488568306, 0.123077444732189
-3.35430988540608E-10 , 0.0225830245763063, 0.123950250446796
-3.22930987506354E-10 , 0.0227661300450563, 0.115716598927975
-3.10430986472099E-10 , 0.019348157569766, 0.116534471511841
-2.97930985437844E-10 , 0.0244140792638063, 0.124511770904064
-2.8543098440359E-10 , 0.00952149089425802, 0.125073298811913
-2.72930983369335E-10 , -0.0152588002383709, 0.130554258823395
-2.6043098233508E-10 , -0.0472412444651127, 0.132800355553627
-2.47930981300826E-10 , 0.00915527995675802, 0.139544740319252
-2.35430980266571E-10 , 0.0166626088321209, 0.143115296959877
-2.22930979232316E-10 , 0.0334472879767418, 0.150170966982841
-2.10430978198062E-10 , 0.017944348976016, 0.154626533389091
-1.97930977163807E-10 , 0.00750732980668545, 0.159393385052681
-1.85430976129553E-10 , 0.00952149089425802, 0.164697349071503
-1.72930975095298E-10 , -0.0129394624382257, 0.167199790477753
-1.60430987938831E-10 , 0.00103759835474193, 0.168670743703842
-1.47930986904576E-10 , -0.0378418229520321, 0.168908774852753
-1.35430985870322E-10 , -0.0379638932645321, 0.171984940767288
-1.22930984836067E-10 , 0.00952149089425802, 0.165185630321503
-1.10430983801812E-10 , 0.000122070399811491, 0.163299635052681
-9.79309827675579E-11 , -0.0220337063074112, 0.165893629193306
-8.54309817333032E-11 , -0.0138549907132983, 0.159484937787056
-7.29309806990486E-11 , -0.00134277436882257, 0.151745676994324
-6.04309796647939E-11 , 0.0159301869571209, 0.146948307752609
-4.79309786305393E-11 , 0.00817871652543545, 0.144665598869324
-3.54309810657316E-11 , 0.017822278663516, 0.13631597161293
-2.2930980031477E-11 , 0.0200805813074112, 0.131176814436913
-1.04309798645841E-11 , -0.00091552798403427, 0.125628709793091
2.06902030230882E-12 , 0.017272962257266, 0.124749809503555
1.45690213365635E-11 , 0.0203247219324112, 0.122271776199341
2.70690206360946E-11 , 0.0156250111758709, 0.118048146367073
3.95690216703493E-11 , -0.0117187583819032, 0.116003461182117
5.20690227046039E-11 , -0.0379028581082821, 0.116156049072742
6.45690237388585E-11 , -0.0294800009578466, 0.122406058013439
7.70690247731132E-11 , 0.0135498140007257, 0.118682906031609
8.95690188684739E-11 , -0.00799561105668545, 0.127508595585823
1.02069019902729E-10 , 0.00439453450962901, 0.136767640709877
1.14569020936983E-10 , 0.0112304771319032, 0.137213200330734
1.27069021971238E-10 , -0.0119628990069032, 0.142071589827538
1.39569023005492E-10 , -0.00390625279396772, 0.146014466881752
1.52069024039747E-10 , 0.0051879920065403, 0.152667313814163
1.64569025074002E-10 , 0.0144043071195483, 0.160333335399628
1.77069026108256E-10 , -0.0115356529131532, 0.16257332265377
1.89569027142511E-10 , 0.0139160258695483, 0.16587533056736
2.02069028176766E-10 , 0.00762940011918545, 0.169891446828842
2.1456902921102E-10 , -0.0322876200079918, 0.169323816895485
2.27069030245275E-10 , 0.00909424480050802, 0.170672684907913
2.3956903127953E-10 , -0.000183105599717237, 0.172412186861038
2.52069032313784E-10 , -0.0364990495145321, 0.165783777832985
2.64569033348039E-10 , -0.0196533352136612, 0.164233475923538
2.77069034382293E-10 , -0.00439453450962901, 0.158380195498466
2.89569035416548E-10 , -0.00329590076580644, 0.156262278556824
3.02069036450803E-10 , 0.00665283668786287, 0.150805726647377
3.14569037485057E-10 , 0.00225830241106451, 0.143780589103699
3.27069038519312E-10 , -0.00665283668786287, 0.138555973768234
3.39569011797991E-10 , 0.00372314709238708, 0.129504457116127
3.52069012832246E-10 , -0.00433349935337901, 0.128918513655663
3.645690138665E-10 , -0.00445556966587901, 0.120642140507698
3.77069014900755E-10 , -0.00427246419712901, 0.125311329960823
3.8956901593501E-10 , 0.0103759840130806, 0.119079634547234
4.02069016969264E-10 , 0.0120849693194032, 0.11776127666235
4.14569018003519E-10 , 0.019165052101016, 0.121466115117073
4.27069019037774E-10 , 0.0106201246380806, 0.120477341115475
4.39569020072028E-10 , -0.00122070405632257, 0.125592097640038
4.52069021106283E-10 , -0.000366211199434474, 0.12691655755043
4.64569022140537E-10 , -0.0100097730755806, 0.13095098733902
4.77069050930368E-10 , -0.0149536235257983, 0.137194886803627
4.89569051964622E-10 , -0.00885010417550802, 0.144128486514091
5.02069052998877E-10 , -0.0301513895392418, 0.145001292228699
5.14569054033132E-10 , -0.0161132924258709, 0.153222724795341
5.27069055067386E-10 , 0.050659216940403, 0.157379224896431
5.3956900059049E-10 , 0.0158691518008709, 0.160418778657913
5.52069001624744E-10 , 0.00476074544712901, 0.168414384126663
5.64569002658999E-10 , -0.00219726725481451, 0.168121412396431
5.77069003693254E-10 , -0.00299072475172579, 0.169793784618378
5.89569004727508E-10 , -0.0139160258695483, 0.17185066640377
6.02069005761763E-10 , -0.0166626088321209, 0.17026986181736
6.14569006796017E-10 , 0.00329590076580644, 0.16813363134861
6.27069007830272E-10 , 0.0318603739142418, 0.168243482708931
6.39569008864527E-10 , 0.00866699870675802, 0.162060618400574
6.52069009898781E-10 , 0.018554700538516, 0.154730290174484
6.64569010933036E-10 , 0.0281982626765966, 0.146264716982841
6.77069011967291E-10 , 0.0351562760770321, 0.140979066491127
6.89569013001545E-10 , 0.0119018638506532, 0.137616023421288
7.020690140358E-10 , 0.0141601664945483, 0.13411870598793
7.14569015070055E-10 , 0.0213012844324112, 0.13027960062027
7.27069016104309E-10 , 0.0052490271627903, 0.124939016997814
7.39569017138564E-10 , -0.00720215355977416, 0.123168997466564
7.52069018172818E-10 , -0.0123291099444032, 0.118927046656609
7.64569019207073E-10 , -0.00250244326889515, 0.115783736109734
7.77069020241328E-10 , -0.0380859635770321, 0.113879442214966
7.89569021275582E-10 , -0.000183105599717237, 0.117352344095707
8.02069022309837E-10 , -0.0310058817267418, 0.12301030755043
8.14569023344092E-10 , 0.0199585109949112, 0.130743458867073
8.27069024378346E-10 , 0.0366821549832821, 0.131903126835823
8.39569025412601E-10 , 0.0307007059454918, 0.13625493645668
8.52069026446856E-10 , 0.017456067726016, 0.138977110385895
8.6456902748111E-10 , 0.00891113933175802, 0.145874083042145
8.77069028515365E-10 , 0.00317383045330644, 0.152081370353699
8.89569029549619E-10 , 0.00103759835474193, 0.153692692518234
9.02069030583874E-10 , -0.0127563569694757, 0.161273270845413
9.14569031618129E-10 , -0.0295410361140966, 0.164325028657913
9.27069032652383E-10 , 0.0293579306453466, 0.163507163524628
9.39568978175487E-10 , 0.019165052101016, 0.166772544384003
9.52068979209741E-10 , 0.0120849693194032, 0.171740800142288
9.64568980243996E-10 , 0.0014648447977379, 0.16757820546627
9.77068981278251E-10 , -0.0144653422757983, 0.169140711426735
