-9.97930960089377E-10 , -0.0158081166446209, 0.0983459800481796
-9.85430959055122E-10 , -0.00347900646738708, 0.0936584770679474
-9.72930958020868E-10 , -0.0195923000574112, 0.0896301567554474
-9.60430956986613E-10 , -0.0285034384578466, 0.0844238549470901
-9.47930955952359E-10 , -0.0361328385770321, 0.0850342065095901
-9.35430954918104E-10 , 0.000366211199434474, 0.0824585184454918
-9.22931009395001E-10 , 0.00115966878365725, 0.0824096873402596
-9.10431008360746E-10 , 0.0145263774320483, 0.0803161859512329
-8.97931007326491E-10 , 0.0142212016507983, 0.0758300945162773
-8.85431006292237E-10 , 0.00665283668786287, 0.0748657435178757
-8.72931005257982E-10 , 0.00384521763771772, 0.0731994807720184
-8.60431004223727E-10 , -0.00372314709238708, 0.0745971873402596
-8.47931003189473E-10 , -0.0100708082318306, 0.0664123669266701
-8.35431002155218E-10 , -0.018310559913516, 0.068463146686554
-8.22931001120963E-10 , -0.050476111471653, 0.0712890774011612
-8.10431000086709E-10 , -0.0156860463321209, 0.0735717937350273
-7.97930999052454E-10 , -0.000366211199434474, 0.0678588971495628
-7.85430998018199E-10 , -0.0247802920639515, 0.0726623684167862
-7.72930996983945E-10 , -0.00158691522665322, 0.0722351223230362
-7.6043099594969E-10 , 0.00213623209856451, 0.0717651546001434
-7.47930994915436E-10 , 0.0209350734949112, 0.0788696482777596
-7.35430993881181E-10 , 0.0206298977136612, 0.0831604227423668
-7.22930992846926E-10 , -0.0242920089513063, 0.0832519754767418
-7.10430991812672E-10 , -0.0281982626765966, 0.0813537836074829
-6.97930990778417E-10 , -0.0262451358139515, 0.0877319574356079
-6.85430989744162E-10 , 0.0103149488568306, 0.0924804955720901
-6.72930988709908E-10 , 0.019042981788516, 0.0973205864429474
-6.60430987675653E-10 , 0.0241089034825563, 0.100012242794037
-6.47930986641398E-10 , -0.00347900646738708, 0.104138217866421
-6.35430985607144E-10 , 0.0153808705508709, 0.104180946946144
-6.22930984572889E-10 , 0.00732422387227416, 0.107165567576885
-6.10430983538635E-10 , -0.00323486560955644, 0.110607951879501
-5.9793098250438E-10 , 0.0156250111758709, 0.117633104324341
-5.85430981470125E-10 , 0.00970459636300802, 0.124969534575939
-5.72930980435871E-10 , 0.0309448465704918, 0.126037657260895
-5.60430979401616E-10 , -0.0606079548597336, 0.132397517561913
-5.47930978367361E-10 , -0.0329590067267418, 0.134014949202538
-5.35430977333107E-10 , -0.00830078683793545, 0.139154121279716
-5.22930976298852E-10 , 0.0124511811882257, 0.145092844963074
-5.10430975264597E-10 , -0.0104980543255806, 0.150421217083931
-4.97930974230343E-10 , -0.0198974758386612, 0.15866707265377
-4.85430973196088E-10 , -0.00775147043168545, 0.158166572451591
-4.72930972161834E-10 , 0.00805664621293545, 0.161120682954788
-4.60430998883155E-10 , 0.018249524757266, 0.162744224071503
-4.479309978489E-10 , 0.00396728795021772, 0.173541352152824
-4.35430996814645E-10 , 0.00915527995675802, 0.175036713480949
-4.22930995780391E-10 , 0.0138549907132983, 0.174487397074699
-4.10430994746136E-10 , 0.00268554873764515, 0.181420981884003
-3.97930993711881E-10 , -0.0161132924258709, 0.185058683156967
-3.85430992677627E-10 , -0.0127563569694757, 0.187915131449699
-3.72930991643372E-10 , -0.0310669168829918, 0.190203949809074
-3.60430990609117E-10 , -0.0266113467514515, 0.193463236093521
-3.47930989574863E-10 , -0.00701904809102416, 0.192321881651878
-3.35430988540608E-10 , 0.0015258799539879, 0.198321640491486
-3.22930987506354E-10 , 0.0110473707318306, 0.198986917734146
-3.10430986472099E-10 , 0.000732422398868948, 0.199987903237343
-2.97930985437844E-10 , -0.0097656324505806, 0.202020362019539
-2.8543098440359E-10 , 0.000976563198491931, 0.201629742980003
-2.72930983369335E-10 , 0.0119018638506532, 0.203265488147736
-2.6043098233508E-10 , 0.0148315532132983, 0.204004019498825
-2.47930981300826E-10 , 0.0206909328699112, 0.202746689319611
-2.35430980266571E-10 , 0.00384521763771772, 0.201086536049843
-2.22930979232316E-10 , -0.0211792141199112, 0.201873883605003
-2.10430978198062E-10 , -0.0261230655014515, 0.202258408069611
-1.97930977163807E-10 , 0.00207519670948386, 0.199713245034218
-1.85430976129553E-10 , 0.0305786356329918, 0.198791608214378
-1.72930975095298E-10 , -0.00665283668786287, 0.200232043862343
-1.60430987938831E-10 , 0.00128173921257257, 0.195691019296646
-1.47930986904576E-10 , 0.0150146596133709, 0.195044040679932
-1.35430985870322E-10 , 0.0114746177569032, 0.193566992878914
-1.22930984836067E-10 , 0.00384521763771772, 0.189599707722664
-1.10430983801812E-10 , -0.0474853850901127, 0.187756448984146
-9.79309827675579E-11 , -0.0120849693194032, 0.186413675546646
-8.54309817333032E-11 , 0.0404663383960724, 0.182495206594467
-7.29309806990486E-11 , -0.0138549907132983, 0.176196381449699
-6.04309796647939E-11 , -0.000488281599245965, 0.17612312734127
-4.79309786305393E-11 , 0.0218506008386612, 0.16685189306736
-3.54309810657316E-11 , 0.0294800009578466, 0.161987379193306
-2.2930980031477E-11 , 0.0152588002383709, 0.16086433827877
-1.04309798645841E-11 , 0.0161132924258709, 0.159307941794395
2.06902030230882E-12 , 0.0162963978946209, 0.153149485588074
1.45690213365635E-11 , 0.00256347842514515, 0.143939271569252
2.70690206360946E-11 , -0.017761243507266, 0.141577214002609
3.95690216703493E-11 , -0.0147094829007983, 0.138891667127609
5.20690227046039E-11 , 0.0469360686838627, 0.137744203209877
6.45690237388585E-11 , -0.0141601664945483, 0.135321110486984
7.70690247731132E-11 , -0.0402832329273224, 0.13076177239418
8.95690188684739E-11 , -0.0126953218132257, 0.124945119023323
1.02069019902729E-10 , 0.018920911476016, 0.119934134185314
1.14569020936983E-10 , -0.0121460044756532, 0.11446537822485
1.27069021971238E-10 , -0.0100097730755806, 0.112365767359734
1.39569023005492E-10 , 0.00677490700036287, 0.108465619385242
1.52069024039747E-10 , -0.00433349935337901, 0.102520786225796
1.64569025074002E-10 , 0.0050048865377903, 0.0991394370794296
1.77069026108256E-10 , -0.00433349935337901, 0.099182166159153
1.89569027142511E-10 , -0.0100097730755806, 0.0930359214544296
2.02069028176766E-10 , -0.00848389323800802, 0.086657740175724
2.1456902921102E-10 , -0.00433349935337901, 0.0842346400022507
2.27069030245275E-10 , 0.00787354074418545, 0.0823486521840096
2.3956903127953E-10 , 0.0048828162252903, 0.0836426019668579
2.52069032313784E-10 , -0.0097656324505806, 0.080462671816349
2.64569033348039E-10 , -0.0204467922449112, 0.0782592967152596
2.77069034382293E-10 , -0.017272962257266, 0.069775402545929
2.89569035416548E-10 , -0.00201416155323386, 0.0732605159282684
3.02069036450803E-10 , -0.00817871652543545, 0.0722290202975273
3.14569037485057E-10 , -0.0113525474444032, 0.066967785358429
3.27069038519312E-10 , -0.0161132924258709, 0.0727050974965096
3.39569011797991E-10 , -0.0161743275821209, 0.070355236530304
3.52069012832246E-10 , -0.00384521763771772, 0.0741333216428757
3.645690138665E-10 , 0.00292968959547579, 0.0727417171001434
3.77069014900755E-10 , -0.00329590076580644, 0.0710327327251434
3.8956901593501E-10 , 0.0307007059454918, 0.071484386920929
4.02069016969264E-10 , 0.0485229827463627, 0.0734680369496346
4.14569018003519E-10 , 0.00231933756731451, 0.0763611048460007
4.27069019037774E-10 , -0.0220337063074112, 0.0765442103147507
4.39569020072028E-10 , 0.00921631511300802, 0.0826965570449829
4.52069021106283E-10 , 0.0484619475901127, 0.0829162821173668
4.64569022140537E-10 , 0.0197143703699112, 0.0846191644668579
4.77069050930368E-10 , -0.0397949516773224, 0.0908203423023224
4.89569051964622E-10 , -0.050659216940403, 0.0929809883236885
5.02069052998877E-10 , -0.0407104790210724, 0.0985351875424385
5.14569054033132E-10 , 0.0097656324505806, 0.10060428082943
5.27069055067386E-10 , 0.00585937919095159, 0.103009067475796
5.3956900059049E-10 , -0.0140380961820483, 0.107104532420635
5.52069001624744E-10 , 0.00268554873764515, 0.108087196946144
5.64569002658999E-10 , 0.00628662575036287, 0.114172406494617
5.77069003693254E-10 , -0.0238647628575563, 0.121020555496216
5.89569004727508E-10 , -0.00225830241106451, 0.124310351908207
6.02069005761763E-10 , 0.0162353627383709, 0.127380430698395
6.14569006796017E-10 , -0.018493665382266, 0.132739320397377
6.27069007830272E-10 , 0.00103759835474193, 0.135998591780663
6.39569008864527E-10 , 0.00659180153161287, 0.14151006937027
6.52069009898781E-10 , 0.00482178060337901, 0.145849674940109
6.64569010933036E-10 , -0.00128173921257257, 0.152020335197449
6.77069011967291E-10 , 0.00579834403470159, 0.158197090029716
6.89569013001545E-10 , -0.018066419288516, 0.159631416201591
7.020690140358E-10 , 0.000183105599717237, 0.161932453513145
7.14569015070055E-10 , -0.018066419288516, 0.168414384126663
7.27069016104309E-10 , -0.0289917197078466, 0.172314539551735
7.39569017138564E-10 , -0.00128173921257257, 0.175317466259003
7.52069018172818E-10 , -0.0206909328699112, 0.177295014262199
7.64569019207073E-10 , -0.0218506008386612, 0.178057953715324
7.77069020241328E-10 , -0.0148315532132983, 0.180865570902824
7.89569021275582E-10 , 0.0054931677877903, 0.188037201762199
8.02069022309837E-10 , 0.00830078683793545, 0.193316742777824
8.14569023344092E-10 , -0.00177002081181854, 0.191742047667503
8.27069024378346E-10 , -0.0126342866569757, 0.192523285746574
8.39569025412601E-10 , -0.00744629418477416, 0.194690048694611
8.52069026446856E-10 , -0.00408935826271772, 0.199707135558128
8.6456902748111E-10 , 0.00262451358139515, 0.200512796640396
8.77069028515365E-10 , 0.00341797107830644, 0.201532080769539
8.89569029549619E-10 , 0.00329590076580644, 0.200250342488289
9.02069030583874E-10 , 0.00274658389389515, 0.199969589710236
9.14569031618129E-10 , 0.00323486560955644, 0.205426126718521
9.27069032652383E-10 , -0.00726318871602416, 0.203405871987343
9.39568978175487E-10 , -0.0121460044756532, 0.199701026082039
9.52068979209741E-10 , -0.00909424480050802, 0.201886087656021
9.64568980243996E-10 , -0.0054321326315403, 0.197650253772736
9.77068981278251E-10 , -0.00280761928297579, 0.198510840535164
