-9.97930960089377E-10 , -0.00476074544712901, 0.182476937770844
-9.85430959055122E-10 , 0.0097656324505806, 0.182873666286469
-9.72930958020868E-10 , -0.00396728795021772, 0.178045779466629
-9.60430956986613E-10 , -0.00317383045330644, 0.165570184588432
-9.47930955952359E-10 , -0.00091552798403427, 0.169409289956093
-9.35430954918104E-10 , -0.00769043527543545, 0.155615344643593
-9.22931009395001E-10 , -0.000854492769576609, 0.137365818023682
-9.10431008360746E-10 , 0.0154419057071209, 0.131897062063217
-8.97931007326491E-10 , 0.0160522572696209, 0.121490560472012
-8.85431006292237E-10 , 0.0114135826006532, 0.111822582781315
-8.72931005257982E-10 , 0.00439453450962901, 0.103595040738583
-8.60431004223727E-10 , 0.00402832310646772, 0.0990418195724487
-8.47931003189473E-10 , 0.018554700538516, 0.0964478179812431
-8.35431002155218E-10 , -0.0261230655014515, 0.0966004058718681
-8.22931001120963E-10 , -0.0341797135770321, 0.101812817156315
-8.10431000086709E-10 , -0.0338134989142418, 0.110070876777172
-7.97930999052454E-10 , -0.00799561105668545, 0.117486655712128
-7.85430998018199E-10 , -0.00299072475172579, 0.12876595556736
-7.72930996983945E-10 , 0.00708008324727416, 0.141626074910164
-7.6043099594969E-10 , 0.0098266676068306, 0.149206638336182
-7.47930994915436E-10 , 0.0122070396319032, 0.16381847858429
-7.35430993881181E-10 , 0.0136108491569757, 0.172326773405075
-7.22930992846926E-10 , 0.000244140799622983, 0.175616577267647
-7.10430991812672E-10 , 0.000671387184411287, 0.176312372088432
-6.97930990778417E-10 , -0.00677490700036287, 0.177655145525932
-6.85430989744162E-10 , -0.0280151572078466, 0.177661255002022
-6.72930988709908E-10 , -0.0286865439265966, 0.170941278338432
-6.60430987675653E-10 , 0.00231933756731451, 0.16338512301445
-6.47930986641398E-10 , -0.000610352028161287, 0.154113873839378
-6.35430985607144E-10 , 0.0242309737950563, 0.142389014363289
-6.22930984572889E-10 , 0.0161743275821209, 0.128479093313217
-6.10430983538635E-10 , -0.0160522572696209, 0.123431481420994
-5.9793098250438E-10 , -0.0115356529131532, 0.114642411470413
-5.85430981470125E-10 , 0.0098266676068306, 0.10599372535944
-5.72930980435871E-10 , -0.00616455497220159, 0.0971680358052254
-5.60430979401616E-10 , -0.0112915122881532, 0.095782533288002
-5.47930978367361E-10 , 0.017395032569766, 0.094317689538002
-5.35430977333107E-10 , 0.0414429008960724, 0.103082343935966
-5.22930976298852E-10 , -0.00732422387227416, 0.107220530509949
-5.10430975264597E-10 , -0.00457763997837901, 0.115899734199047
-4.97930974230343E-10 , 0.0340576432645321, 0.128051847219467
-4.85430973196088E-10 , 0.0114746177569032, 0.136291593313217
-4.72930972161834E-10 , 0.0156250111758709, 0.150073349475861
-4.60430998883155E-10 , 0.0128173921257257, 0.159936636686325
-4.479309978489E-10 , 0.0158691518008709, 0.170062378048897
-4.35430996814645E-10 , 0.00878906901925802, 0.171655386686325
-4.22930995780391E-10 , -0.0113525474444032, 0.178149536252022
-4.10430994746136E-10 , -0.0109863355755806, 0.178735479712486
-3.97930993711881E-10 , -0.0137329204007983, 0.178863644599915
-3.85430992677627E-10 , -0.0198974758386612, 0.171600461006165
-3.72930991643372E-10 , -0.00329590076580644, 0.166339218616486
-3.60430990609117E-10 , 0.0120849693194032, 0.155700787901878
-3.47930989574863E-10 , 0.00714111840352416, 0.144934177398682
-3.35430988540608E-10 , -0.00421142857521772, 0.133313074707985
-3.22930987506354E-10 , 0.0210571438074112, 0.11478279531002
-3.10430986472099E-10 , 0.000305176014080644, 0.107556223869324
-2.97930985437844E-10 , -0.00720215355977416, 0.101794503629208
-2.8543098440359E-10 , 0.00164795038290322, 0.10306403785944
-2.72930983369335E-10 , -0.00909424480050802, 0.100225895643234
-2.6043098233508E-10 , -0.0238647628575563, 0.0971375182271004
-2.47930981300826E-10 , -0.0220947414636612, 0.102850414812565
-2.35430980266571E-10 , 0.00567627372220159, 0.107769846916199
-2.22930979232316E-10 , 0.00469971029087901, 0.119659505784512
-2.10430978198062E-10 , -0.0343017838895321, 0.132190033793449
-1.97930977163807E-10 , 0.0144043071195483, 0.135394379496574
-1.85430976129553E-10 , 0.0129394624382257, 0.152136340737343
-1.72930975095298E-10 , -0.00128173921257257, 0.167041122913361
-1.60430987938831E-10 , 0.0120239341631532, 0.167364612221718
-1.47930986904576E-10 , 0.00598144950345159, 0.167859002947807
-1.35430985870322E-10 , 0.00689697777852416, 0.178906366229057
-1.22930984836067E-10 , -0.000122070399811491, 0.179712042212486
-1.10430983801812E-10 , 0.0151367299258709, 0.173144653439522
-9.79309827675579E-11 , -0.0449829436838627, 0.173120230436325
-8.54309817333032E-11 , -0.00885010417550802, 0.165838733315468
-7.29309806990486E-11 , -0.0164795033633709, 0.154345810413361
-6.04309796647939E-11 , -0.0198364406824112, 0.138507172465324
-4.79309786305393E-11 , -0.0197754055261612, 0.13078011572361
-3.54309810657316E-11 , -0.0244140792638063, 0.118634112179279
-2.2930980031477E-11 , 0.00939942058175802, 0.112292557954788
-1.04309798645841E-11 , -0.00939942058175802, 0.105365060269833
2.06902030230882E-12 , -0.0380249284207821, 0.0968933776021004
1.45690213365635E-11 , -0.0372314713895321, 0.0980347320437431
2.70690206360946E-11 , -0.00372314709238708, 0.0957092940807343
3.95690216703493E-11 , -0.00579834403470159, 0.1014099791646
5.20690227046039E-11 , -0.00122070405632257, 0.108154371380806
6.45690237388585E-11 , 0.0015258799539879, 0.116040118038654
7.70690247731132E-11 , 0.0051879920065403, 0.126525968313217
8.95690188684739E-11 , -0.00592041434720159, 0.137048438191414
1.02069019902729E-10 , -0.0112915122881532, 0.145501807332039
1.14569020936983E-10 , -0.0154419057071209, 0.160174667835236
1.27069021971238E-10 , -0.0155029408633709, 0.165734976530075
1.39569023005492E-10 , -0.0213012844324112, 0.171978875994682
1.52069024039747E-10 , -0.00799561105668545, 0.17522594332695
1.64569025074002E-10 , -0.0054321326315403, 0.179596066474915
1.77069026108256E-10 , -0.00952149089425802, 0.17595836520195
1.89569027142511E-10 , 0.00158691522665322, 0.172503784298897
2.02069028176766E-10 , 0.0203857570886612, 0.16973277926445
2.1456902921102E-10 , 0.0098266676068306, 0.156176865100861
2.27069030245275E-10 , -0.0234375167638063, 0.148022562265396
2.3956903127953E-10 , -0.00592041434720159, 0.13389290869236
2.52069032313784E-10 , -0.00256347842514515, 0.123687826097012
2.64569033348039E-10 , -0.0150146596133709, 0.107879713177681
2.77069034382293E-10 , 0.00177002081181854, 0.1023865416646
2.89569035416548E-10 , 0.0114746177569032, 0.0948792174458504
3.02069036450803E-10 , -0.0202026516199112, 0.0971070006489754
3.14569037485057E-10 , 0.0286865439265966, 0.0938782393932343
3.27069038519312E-10 , 0.0239868331700563, 0.0992493331432343
3.39569011797991E-10 , 0.0137329204007983, 0.102856516838074
3.52069012832246E-10 , 0.0128173921257257, 0.115625075995922
3.645690138665E-10 , -0.00268554873764515, 0.130328461527824
3.77069014900755E-10 , -0.019226087257266, 0.135284513235092
3.8956901593501E-10 , -0.0207519680261612, 0.155920520424843
4.02069016969264E-10 , 0.00744629418477416, 0.159790143370628
4.14569018003519E-10 , 0.019348157569766, 0.1690613925457
4.27069019037774E-10 , -0.0235595870763063, 0.172284051775932
4.39569020072028E-10 , -0.0196533352136612, 0.175744742155075
4.52069021106283E-10 , 0.00842285715043545, 0.179779171943665
4.64569022140537E-10 , -0.00738525902852416, 0.178765997290611
4.77069050930368E-10 , 0.0106201246380806, 0.174212768673897
4.89569051964622E-10 , -0.0265503115952015, 0.165844842791557
5.02069052998877E-10 , 0.000305176014080644, 0.151159778237343
5.14569054033132E-10 , -0.000366211199434474, 0.146630957722664
5.27069055067386E-10 , 0.00396728795021772, 0.132592856884003
5.3956900059049E-10 , 0.000549316813703626, 0.119671709835529
5.52069001624744E-10 , -0.00366211193613708, 0.107495188713074
5.64569002658999E-10 , 0.0229492355138063, 0.103381417691708
5.77069003693254E-10 , 0.00177002081181854, 0.0980164259672165
5.89569004727508E-10 , 0.0244751144200563, 0.0973389372229576
6.02069005761763E-10 , 0.0112304771319032, 0.0980286300182343
6.14569006796017E-10 , 0.0108642652630806, 0.0988770201802254
6.27069007830272E-10 , 0.00323486560955644, 0.108337476849556
6.39569008864527E-10 , -0.0119018638506532, 0.11478279531002
6.52069009898781E-10 , -0.0230713058263063, 0.129730314016342
6.64569010933036E-10 , -0.0221557784825563, 0.137396335601807
6.77069011967291E-10 , -0.00848389323800802, 0.151074320077896
6.89569013001545E-10 , -0.0198364406824112, 0.156848251819611
7.020690140358E-10 , -0.016967786476016, 0.165533557534218
7.14569015070055E-10 , -0.00799561105668545, 0.173175171017647
7.27069016104309E-10 , -0.0234375167638063, 0.181353881955147
7.39569017138564E-10 , -0.0267334170639515, 0.176550418138504
7.52069018172818E-10 , 0.00238037272356451, 0.175299197435379
7.64569019207073E-10 , 0.0259399600327015, 0.173785522580147
7.77069020241328E-10 , -0.0108032301068306, 0.163604855537415
7.89569021275582E-10 , -0.052063025534153, 0.157141223549843
8.02069022309837E-10 , 0.0164795033633709, 0.142474457621574
8.14569023344092E-10 , -0.0251465030014515, 0.136346533894539
8.27069024378346E-10 , 0.00817871652543545, 0.123040854930878
8.39569025412601E-10 , 0.0198364406824112, 0.110522538423538
8.52069026446856E-10 , -0.0206909328699112, 0.105407789349556
8.6456902748111E-10 , 0.00769043527543545, 0.104199290275574
8.77069028515365E-10 , 0.00653076637536287, 0.0947693511843681
8.89569029549619E-10 , 0.018798841163516, 0.0949951857328415
9.02069030583874E-10 , 0.0260620303452015, 0.101922675967216
9.14569031618129E-10 , 0.0281372275203466, 0.105535961687565
9.27069032652383E-10 , -0.0214843899011612, 0.116851888597012
9.39568978175487E-10 , 0.00311279529705644, 0.123657308518887
9.52068979209741E-10 , -0.0050659216940403, 0.142205908894539
9.64568980243996E-10 , -0.0106811597943306, 0.150616556406021
9.77068981278251E-10 , 0.00592041434720159, 0.155731305480003
