-9.97930960089377E-10 , 0.0238647628575563, 0.148968577384949
-9.85430959055122E-10 , 0.00665283668786287, 0.16740120947361
-9.72930958020868E-10 , 0.016967786476016, 0.168566972017288
-9.60430956986613E-10 , 0.0161743275821209, 0.17472542822361
-9.47930955952359E-10 , 0.00189209124073386, 0.182324305176735
-9.35430954918104E-10 , 0.0049438513815403, 0.18351449072361
-9.22931009395001E-10 , -0.00933838542550802, 0.180932700634003
-9.10431008360746E-10 , 0.00463867513462901, 0.176995933055878
-8.97931007326491E-10 , 0.0241089034825563, 0.17215584218502
-8.85431006292237E-10 , 0.0211792141199112, 0.162469565868378
-8.72931005257982E-10 , -0.0166015736758709, 0.153125077486038
-8.60431004223727E-10 , -0.0112304771319032, 0.138330146670341
-8.47931003189473E-10 , -0.0135498140007257, 0.133886784315109
-8.35431002155218E-10 , -0.00103759835474193, 0.124835260212421
-8.22931001120963E-10 , 0.00195312639698386, 0.122235156595707
-8.10431000086709E-10 , -0.00250244326889515, 0.120062306523323
-7.97930999052454E-10 , 0.00616455497220159, 0.113324016332626
-7.85430998018199E-10 , -0.00262451358139515, 0.118231251835823
-7.72930996983945E-10 , -0.00390625279396772, 0.123187303543091
-7.6043099594969E-10 , 0.00830078683793545, 0.130450502038002
-7.47930994915436E-10 , 0.00463867513462901, 0.139062568545341
-7.35430993881181E-10 , -0.00433349935337901, 0.149902418255806
-7.22930992846926E-10 , -0.0104370191693306, 0.158007889986038
-7.10430991812672E-10 , 0.0014038096414879, 0.166589438915253
-6.97930990778417E-10 , 0.0108032301068306, 0.172021567821503
-6.85430989744162E-10 , 0.0155639760196209, 0.177862644195557
-6.72930988709908E-10 , 0.0119628990069032, 0.179742515087128
-6.60430987675653E-10 , -0.00695801293477416, 0.179235935211182
-6.47930986641398E-10 , -0.00671387184411287, 0.176385581493378
-6.35430985607144E-10 , -0.0229492355138063, 0.17142342031002
-6.22930984572889E-10 , -0.0145874125882983, 0.16605843603611
-6.10430983538635E-10 , 0.00231933756731451, 0.158233717083931
-5.9793098250438E-10 , -0.00634766090661287, 0.147454902529716
-5.85430981470125E-10 , -0.0145874125882983, 0.139386042952538
-5.72930980435871E-10 , -0.00213623209856451, 0.123846486210823
-5.60430979401616E-10 , 0.0168457143008709, 0.120593309402466
-5.47930978367361E-10 , 0.0255127139389515, 0.121472217142582
-5.35430977333107E-10 , 0.00720215355977416, 0.1145264133811
-5.22930976298852E-10 , 0.00238037272356451, 0.116375781595707
-5.10430975264597E-10 , -0.0114135826006532, 0.119378708302975
-4.97930974230343E-10 , 0.00390625279396772, 0.127600148320198
-4.85430973196088E-10 , 0.0270385928452015, 0.136474668979645
-4.72930972161834E-10 , 0.000366211199434474, 0.146264716982841
-4.60430998883155E-10 , -0.0198364406824112, 0.155987620353699
-4.479309978489E-10 , -0.0547485761344433, 0.166919022798538
-4.35430996814645E-10 , -0.0396728813648224, 0.17112435400486
-4.22930995780391E-10 , -0.018127454444766, 0.176904380321503
-4.10430994746136E-10 , -0.00872803386300802, 0.184008881449699
-3.97930993711881E-10 , -0.00170898553915322, 0.190149024128914
-3.85430992677627E-10 , 0.0125732515007257, 0.180047690868378
-3.72930991643372E-10 , 0.00372314709238708, 0.172796711325645
-3.60430990609117E-10 , 0.0052490271627903, 0.168695151805878
-3.47930989574863E-10 , 0.0103149488568306, 0.159179762005806
-3.35430988540608E-10 , 0.00299072475172579, 0.154132157564163
-3.22930987506354E-10 , -0.00469971029087901, 0.135351628065109
-3.10430986472099E-10 , 0.00360107677988708, 0.128857478499413
-2.97930985437844E-10 , -0.00469971029087901, 0.119921922683716
-2.8543098440359E-10 , -0.0149536235257983, 0.118499800562859
-2.72930983369335E-10 , 0.0288086142390966, 0.113085985183716
-2.6043098233508E-10 , -0.0203857570886612, 0.11312260478735
-2.47930981300826E-10 , -0.0222168136388063, 0.124682672321796
-2.35430980266571E-10 , -0.0130615327507257, 0.130059868097305
-2.22930979232316E-10 , -0.00793457590043545, 0.131964161992073
-2.10430978198062E-10 , -0.0155639760196209, 0.141418516635895
-1.97930977163807E-10 , -0.0051879920065403, 0.153759837150574
-1.85430976129553E-10 , 0.0229492355138063, 0.163049399852753
-1.72930975095298E-10 , 0.0206298977136612, 0.172314539551735
-1.60430987938831E-10 , 0.0118408286944032, 0.177520841360092
-1.47930986904576E-10 , 0.0156860463321209, 0.179705902934074
-1.35430985870322E-10 , 0.00256347842514515, 0.184100434184074
-1.22930984836067E-10 , -0.0493774749338627, 0.184655860066414
-1.10430983801812E-10 , 0.0101318433880806, 0.174316495656967
-9.79309827675579E-11 , 0.0334472879767418, 0.169207841157913
-8.54309817333032E-11 , -0.00433349935337901, 0.157244950532913
-7.29309806990486E-11 , 0.00305175990797579, 0.148126289248466
-6.04309796647939E-11 , 0.018676770851016, 0.13748174905777
-4.79309786305393E-11 , -0.0281982626765966, 0.132727101445198
-3.54309810657316E-11 , -0.0396728813648224, 0.125866755843163
-2.2930980031477E-11 , -0.0115966880694032, 0.119049116969109
-1.04309798645841E-11 , -0.0279541220515966, 0.117773488163948
2.06902030230882E-12 , -0.018798841163516, 0.114117473363876
1.45690213365635E-11 , 0.00305175990797579, 0.118548631668091
2.70690206360946E-11 , -0.0200195461511612, 0.120550587773323
3.95690216703493E-11 , 0.0314941629767418, 0.129742488265038
5.20690227046039E-11 , 0.0360107682645321, 0.13717657327652
6.45690237388585E-11 , 0.0108032301068306, 0.149762034416199
7.70690247731132E-11 , 0.00451660482212901, 0.163336262106895
8.95690188684739E-11 , -0.00665283668786287, 0.172931000590324
1.02069019902729E-10 , -0.00225830241106451, 0.178942963480949
1.14569020936983E-10 , -0.00091552798403427, 0.181366056203842
1.27069021971238E-10 , -0.00134277436882257, 0.185778900980949
1.39569023005492E-10 , 0.000427246384788305, 0.181396573781967
1.52069024039747E-10 , -0.00689697777852416, 0.18034066259861
1.64569025074002E-10 , -0.0281372275203466, 0.170715421438217
1.77069026108256E-10 , -0.0117797935381532, 0.162365794181824
1.89569027142511E-10 , -0.018249524757266, 0.153924629092216
2.02069028176766E-10 , -0.00402832310646772, 0.140161201357841
2.1456902921102E-10 , -0.0134887788444757, 0.13241583108902
2.27069030245275E-10 , 0.0275268759578466, 0.124072320759296
2.3956903127953E-10 , 0.0120849693194032, 0.12008061259985
2.52069032313784E-10 , -0.0111694419756532, 0.117083787918091
2.64569033348039E-10 , -0.00262451358139515, 0.119152881205082
2.77069034382293E-10 , -0.00433349935337901, 0.116949506103992
2.89569035416548E-10 , 0.00262451358139515, 0.121783494949341
3.02069036450803E-10 , 0.0115966880694032, 0.130560353398323
3.14569037485057E-10 , 0.0098877027630806, 0.139807194471359
3.27069038519312E-10 , -0.000366211199434474, 0.143957585096359
3.39569011797991E-10 , 0.018798841163516, 0.159448310732841
3.52069012832246E-10 , -0.0109863355755806, 0.16593025624752
3.645690138665E-10 , 0.00402832310646772, 0.171594321727753
3.77069014900755E-10 , -0.0380249284207821, 0.18443001806736
3.8956901593501E-10 , -0.0290527548640966, 0.190826520323753
4.02069016969264E-10 , -0.0124511811882257, 0.188922211527824
4.14569018003519E-10 , 0.0116577232256532, 0.176019370555878
4.27069019037774E-10 , -0.00238037272356451, 0.17557992041111
4.39569020072028E-10 , -0.0274048056453466, 0.16141365468502
4.52069021106283E-10 , -0.017089856788516, 0.151733472943306
4.64569022140537E-10 , -0.0111084068194032, 0.138311833143234
4.77069050930368E-10 , -0.0235595870763063, 0.131585747003555
4.89569051964622E-10 , -0.0111084068194032, 0.129693657159805
5.02069052998877E-10 , 0.0236206222325563, 0.120733693242073
5.14569054033132E-10 , 0.0217895656824112, 0.1173340305686
5.27069055067386E-10 , -0.0147094829007983, 0.115045212209225
5.3956900059049E-10 , -0.0244140792638063, 0.116070605814457
5.52069001624744E-10 , 0.0117797935381532, 0.124151661992073
5.64569002658999E-10 , 0.0155029408633709, 0.130249083042145
5.77069003693254E-10 , 0.0120849693194032, 0.133294731378555
5.89569004727508E-10 , -0.0238037277013063, 0.146234199404716
6.02069005761763E-10 , 0.0117187583819032, 0.159600898623466
6.14569006796017E-10 , -0.00109863362740725, 0.16995857656002
6.27069007830272E-10 , 0.00885010417550802, 0.177819907665253
6.39569008864527E-10 , -0.018310559913516, 0.178100675344467
6.52069009898781E-10 , -0.0267334170639515, 0.179339691996574
6.64569010933036E-10 , -0.00482178060337901, 0.185339450836182
6.77069011967291E-10 , 0.0098877027630806, 0.182708829641342
6.89569013001545E-10 , 0.017700208351016, 0.17575691640377
7.020690140358E-10 , 0.017639173194766, 0.164996415376663
7.14569015070055E-10 , 0.0097656324505806, 0.157128974795341
7.27069016104309E-10 , -0.00665283668786287, 0.143365547060966
7.39569017138564E-10 , -0.019409192726016, 0.133520558476448
7.52069018172818E-10 , -0.0220947414636612, 0.13222661614418
7.64569019207073E-10 , -0.018859876319766, 0.124646045267582
7.77069020241328E-10 , -0.0338134989142418, 0.11373295634985
7.89569021275582E-10 , -0.0145263774320483, 0.115570113062859
8.02069022309837E-10 , 0.00781250558793545, 0.122497610747814
8.14569023344092E-10 , 0.0120239341631532, 0.121881157159805
8.27069024378346E-10 , -0.0144043071195483, 0.124896295368671
8.39569025412601E-10 , 0.00250244326889515, 0.133978337049484
8.52069026446856E-10 , 0.00683594215661287, 0.145306468009949
8.6456902748111E-10 , 0.0237426925450563, 0.156390458345413
8.77069028515365E-10 , 0.0142212016507983, 0.16330574452877
8.89569029549619E-10 , 0.00451660482212901, 0.17155160009861
9.02069030583874E-10 , 0.00329590076580644, 0.17997445166111
9.14569031618129E-10 , 0.0216064602136612, 0.178070157766342
9.27069032652383E-10 , 0.0103759840130806, 0.17753304541111
9.39568978175487E-10 , 0.018554700538516, 0.182513520121574
9.52068979209741E-10 , -0.0361938737332821, 0.173614591360092
9.64568980243996E-10 , -0.0403442680835724, 0.163568198680878
9.77068981278251E-10 , -0.0276489462703466, 0.157092362642288
