-9.97930960089377E-10 , -0.0140991313382983, 0.200512796640396
-9.85430959055122E-10 , -0.0234375167638063, 0.200848489999771
-9.72930958020868E-10 , 0.0291137900203466, 0.196051120758057
-9.60430956986613E-10 , 0.00341797107830644, 0.198553562164307
-9.47930955952359E-10 , 0.00213623209856451, 0.200018420815468
-9.35430954918104E-10 , 0.0490722991526127, 0.200598254799843
-9.22931009395001E-10 , -0.00610351981595159, 0.197845563292503
-9.10431008360746E-10 , -0.0245971847325563, 0.198144629597664
-8.97931007326491E-10 , -0.0232544112950563, 0.192981049418449
-8.85431006292237E-10 , -0.0223388839513063, 0.197186380624771
-8.72931005257982E-10 , -0.0314331278204918, 0.204693704843521
-8.60431004223727E-10 , -0.0303344950079918, 0.200274765491486
-8.47931003189473E-10 , -0.0301513895392418, 0.200293079018593
-8.35431002155218E-10 , -0.0126953218132257, 0.197924911975861
-8.22931001120963E-10 , -0.0429077446460724, 0.202105820178986
-8.10431000086709E-10 , -0.0214233547449112, 0.205535992980003
-7.97930999052454E-10 , 0.0357055924832821, 0.202179059386253
-7.85430998018199E-10 , 0.0244140792638063, 0.203167825937271
-7.72930996983945E-10 , 0.0197143703699112, 0.204174906015396
-7.6043099594969E-10 , -0.00439453450962901, 0.205035507678986
-7.47930994915436E-10 , -0.000793457613326609, 0.210498154163361
-7.35430993881181E-10 , -0.0480347014963627, 0.208703726530075
-7.22930992846926E-10 , -0.000488281599245965, 0.207782089710236
-7.10430991812672E-10 , 0.00610351981595159, 0.205908313393593
-6.97930990778417E-10 , -0.0352173112332821, 0.208209335803986
-6.85430989744162E-10 , -0.0204467922449112, 0.210644647479057
-6.72930988709908E-10 , 0.0014648447977379, 0.206433206796646
-6.60430987675653E-10 , -0.00915527995675802, 0.208709821105003
-6.47930986641398E-10 , -0.0357055924832821, 0.209149286150932
-6.35430985607144E-10 , 0.0255737490952015, 0.208667099475861
-6.22930984572889E-10 , 0.000732422398868948, 0.209808453917503
-6.10430983538635E-10 , -0.0208130031824112, 0.20989391207695
-5.9793098250438E-10 , -0.0110473707318306, 0.210601910948753
-5.85430981470125E-10 , -0.0333862528204918, 0.21148082613945
-5.72930980435871E-10 , 0.0328979715704918, 0.211938589811325
-5.60430979401616E-10 , 0.00872803386300802, 0.211999624967575
-5.47930978367361E-10 , 0.00378418248146772, 0.211474716663361
-5.35430977333107E-10 , 0.0330810770392418, 0.21660777926445
-5.22930976298852E-10 , -0.0120239341631532, 0.211230576038361
-5.10430975264597E-10 , -0.0410156548023224, 0.208844110369682
-4.97930974230343E-10 , 0.0127563569694757, 0.213086053729057
-4.85430973196088E-10 , 0.0103149488568306, 0.212005734443665
-4.72930972161834E-10 , -0.0390014909207821, 0.209295764565468
-4.60430998883155E-10 , 0.00878906901925802, 0.209948837757111
-4.479309978489E-10 , -0.00408935826271772, 0.214367792010307
-4.35430996814645E-10 , -0.0250854678452015, 0.211047470569611
-4.22930995780391E-10 , -0.0657959431409836, 0.212078973650932
-4.10430994746136E-10 , -0.0203857570886612, 0.213903918862343
-3.97930993711881E-10 , -0.00439453450962901, 0.214154168963432
-3.85430992677627E-10 , 0.0272827334702015, 0.209301874041557
-3.72930991643372E-10 , 0.00823975168168545, 0.209521591663361
-3.60430990609117E-10 , -0.0388183854520321, 0.211151227355003
-3.47930989574863E-10 , -0.00183105596806854, 0.209198102355003
-3.35430988540608E-10 , -0.0205688625574112, 0.2138611972332
-3.22930987506354E-10 , -0.0131225679069757, 0.207495227456093
-3.10430986472099E-10 , 0.0219116359949112, 0.207434192299843
-2.97930985437844E-10 , 0.0316772684454918, 0.211798205971718
-2.8543098440359E-10 , 0.0111694419756532, 0.2108094394207
-2.72930983369335E-10 , 0.0269165225327015, 0.2094666659832
-2.6043098233508E-10 , 0.0123291099444032, 0.210821643471718
-2.47930981300826E-10 , -0.00390625279396772, 0.210882678627968
-2.35430980266571E-10 , 0.00366211193613708, 0.206512555480003
-2.22930979232316E-10 , 0.00939942058175802, 0.208129987120628
-2.10430978198062E-10 , -0.0236206222325563, 0.212970077991486
-1.97930977163807E-10 , 0.0103149488568306, 0.209808453917503
-1.85430976129553E-10 , 0.0272216983139515, 0.207092389464378
-1.72930975095298E-10 , 0.018920911476016, 0.209881708025932
-1.60430987938831E-10 , 0.0126342866569757, 0.211950793862343
-1.47930986904576E-10 , 0.00592041434720159, 0.208929553627968
-1.35430985870322E-10 , 0.00671387184411287, 0.211328238248825
-1.22930984836067E-10 , 0.00384521763771772, 0.209796249866486
-1.10430983801812E-10 , 0.00567627372220159, 0.209021106362343
-9.79309827675579E-11 , -0.0105590894818306, 0.209472760558128
-8.54309817333032E-11 , -0.00897217448800802, 0.207226663827896
-7.29309806990486E-11 , -0.018432630226016, 0.210925400257111
-6.04309796647939E-11 , -0.0262451358139515, 0.206347763538361
-4.79309786305393E-11 , -0.0354004167020321, 0.206890970468521
-3.54309810657316E-11 , 0.00292968959547579, 0.204516708850861
-2.2930980031477E-11 , -0.0053710974752903, 0.208862408995628
-1.04309798645841E-11 , -0.017272962257266, 0.211187854409218
2.06902030230882E-12 , -0.0150756947696209, 0.205969348549843
1.45690213365635E-11 , -0.00817871652543545, 0.204077258706093
2.70690206360946E-11 , 0.0014648447977379, 0.208313092589378
3.95690216703493E-11 , -0.00769043527543545, 0.207385361194611
5.20690227046039E-11 , 0.0101928785443306, 0.203033551573753
6.45690237388585E-11 , -0.00799561105668545, 0.204083353281021
7.70690247731132E-11 , 0.00683594215661287, 0.201684668660164
8.95690188684739E-11 , -0.018981946632266, 0.205139264464378
1.02069019902729E-10 , -0.0268554873764515, 0.202264502644539
1.14569020936983E-10 , -0.00701904809102416, 0.199115097522736
1.27069021971238E-10 , 0.0138549907132983, 0.201886087656021
1.39569023005492E-10 , 0.0202026516199112, 0.198108017444611
1.52069024039747E-10 , -0.00170898553915322, 0.201300159096718
1.64569025074002E-10 , -0.0157470814883709, 0.201684668660164
1.77069026108256E-10 , -0.0260009951889515, 0.200842395424843
1.89569027142511E-10 , -0.00610351981595159, 0.201336771249771
2.02069028176766E-10 , 0.00341797107830644, 0.200897321105003
2.1456902921102E-10 , -0.00616455497220159, 0.200683698058128
2.27069030245275E-10 , -0.00286865443922579, 0.197790622711182
2.3956903127953E-10 , 0.00134277436882257, 0.200604349374771
2.52069032313784E-10 , 0.0015258799539879, 0.196820169687271
2.64569033348039E-10 , 0.0114135826006532, 0.198516950011253
2.77069034382293E-10 , -0.00622559059411287, 0.194989114999771
2.89569035416548E-10 , 0.000671387184411287, 0.192431733012199
3.02069036450803E-10 , -0.00372314709238708, 0.193103119730949
3.14569037485057E-10 , -0.00299072475172579, 0.191589459776878
3.27069038519312E-10 , -0.00793457590043545, 0.191973969340324
3.39569011797991E-10 , -0.0154419057071209, 0.193408295512199
3.52069012832246E-10 , -0.0139160258695483, 0.194976910948753
3.645690138665E-10 , -0.00225830241106451, 0.190673932433128
3.77069014900755E-10 , -0.0133056733757257, 0.192181497812271
3.8956901593501E-10 , -0.0139160258695483, 0.190972998738289
4.02069016969264E-10 , -0.00744629418477416, 0.190435886383057
4.14569018003519E-10 , -0.00823975168168545, 0.190399274230003
4.27069019037774E-10 , -0.00604248465970159, 0.188580423593521
4.39569020072028E-10 , -0.0249023623764515, 0.188031107187271
4.52069021106283E-10 , -0.0130615327507257, 0.191137790679932
4.64569022140537E-10 , 0.0195923000574112, 0.193701267242432
4.77069050930368E-10 , 0.0238037277013063, 0.183349698781967
4.89569051964622E-10 , 0.00311279529705644, 0.178418055176735
5.02069052998877E-10 , 0.0263672061264515, 0.17985238134861
5.14569054033132E-10 , -0.0115356529131532, 0.182135105133057
5.27069055067386E-10 , 0.0123291099444032, 0.181768894195557
5.3956900059049E-10 , 0.0244140792638063, 0.176629722118378
5.52069001624744E-10 , 0.00860596355050802, 0.186944678425789
5.64569002658999E-10 , -0.0119018638506532, 0.178790375590324
5.77069003693254E-10 , 0.0104370191693306, 0.177606284618378
5.89569004727508E-10 , -0.0163574330508709, 0.179748624563217
6.02069005761763E-10 , -0.0328979715704918, 0.175561606884003
6.14569006796017E-10 , -0.0140991313382983, 0.177356049418449
6.27069007830272E-10 , -0.0413208305835724, 0.174249351024628
6.39569008864527E-10 , -0.0325927957892418, 0.176440522074699
6.52069009898781E-10 , -0.0140380961820483, 0.175293058156967
6.64569010933036E-10 , -0.000183105599717237, 0.172760099172592
6.77069011967291E-10 , 0.0100708082318306, 0.17581795156002
6.89569013001545E-10 , 0.0288086142390966, 0.173828214406967
7.020690140358E-10 , -0.00384521763771772, 0.167602613568306
7.14569015070055E-10 , -0.00177002081181854, 0.167358472943306
7.27069016104309E-10 , 0.0117187583819032, 0.168444901704788
7.39569017138564E-10 , 0.0222168136388063, 0.167419508099556
7.52069018172818E-10 , 0.00622559059411287, 0.165179520845413
7.64569019207073E-10 , 0.000427246384788305, 0.165966883301735
7.77069020241328E-10 , -0.0263061709702015, 0.167291343212128
7.89569021275582E-10 , -0.0305176004767418, 0.16837166249752
8.02069022309837E-10 , -0.0219116359949112, 0.16452644765377
8.14569023344092E-10 , -0.00823975168168545, 0.160949781537056
8.27069024378346E-10 , 0.000854492769576609, 0.16062019765377
8.39569025412601E-10 , -0.00592041434720159, 0.162341386079788
8.52069026446856E-10 , 0.00299072475172579, 0.156054764986038
8.6456902748111E-10 , -0.0281982626765966, 0.158386304974556
8.77069028515365E-10 , -0.0051269568502903, 0.159979328513145
8.89569029549619E-10 , 0.00433349935337901, 0.159350663423538
9.02069030583874E-10 , -0.0049438513815403, 0.160687327384949
9.14569031618129E-10 , 0.00280761928297579, 0.159350663423538
9.27069032652383E-10 , 0.018493665382266, 0.157977372407913
9.39568978175487E-10 , 0.00878906901925802, 0.156219556927681
9.52068979209741E-10 , 0.0137939555570483, 0.15604256093502
9.64568980243996E-10 , 0.0277710165828466, 0.152423173189163
9.77068981278251E-10 , -0.0162963978946209, 0.151812821626663
