-9.97930960089377E-10 , -0.0209350734949112, 0.146063297986984
-9.85430959055122E-10 , -0.00677490700036287, 0.152941972017288
-9.72930958020868E-10 , -0.0195312649011612, 0.153582841157913
-9.60430956986613E-10 , -0.0225219894200563, 0.156329423189163
-9.47930955952359E-10 , -0.0201416164636612, 0.159045487642288
-9.35430954918104E-10 , 0.0130004975944757, 0.15836189687252
-9.22931009395001E-10 , -0.0164795033633709, 0.148944154381752
-9.10431008360746E-10 , -0.0052490271627903, 0.146234199404716
-8.97931007326491E-10 , -0.00946045573800802, 0.143493711948395
-8.85431006292237E-10 , -0.0141601664945483, 0.14212042093277
-8.72931005257982E-10 , -0.00378418248146772, 0.138147041201591
-8.60431004223727E-10 , -0.0150146596133709, 0.132122859358788
-8.47931003189473E-10 , -0.0196533352136612, 0.129394590854645
-8.35431002155218E-10 , -0.00921631511300802, 0.127032518386841
-8.22931001120963E-10 , -0.0131836030632257, 0.131945863366127
-8.10431000086709E-10 , -0.0102539137005806, 0.131774961948395
-7.97930999052454E-10 , 0.0108032301068306, 0.13259282708168
-7.85430998018199E-10 , 0.00091552798403427, 0.138909980654716
-7.72930996983945E-10 , -0.0050048865377903, 0.147308424115181
-7.6043099594969E-10 , 0.0051269568502903, 0.151709049940109
-7.47930994915436E-10 , 0.0111694419756532, 0.155127018690109
-7.35430993881181E-10 , -0.054626502096653, 0.160717844963074
-7.22930992846926E-10 , -0.00579834403470159, 0.159478828310966
-7.10430991812672E-10 , -0.00274658389389515, 0.155114814639091
-6.97930990778417E-10 , -0.0450439788401127, 0.155224680900574
-6.85430989744162E-10 , -0.00439453450962901, 0.151745676994324
-6.72930988709908E-10 , 0.00878906901925802, 0.146063297986984
-6.60430987675653E-10 , -0.00390625279396772, 0.140972957015038
-6.47930986641398E-10 , -0.0321655496954918, 0.138317927718163
-6.35430985607144E-10 , 0.00610351981595159, 0.13265386223793
-6.22930984572889E-10 , 0.0225219894200563, 0.132873594760895
-6.10430983538635E-10 , 0.00891113933175802, 0.129101619124413
-5.9793098250438E-10 , -0.0203247219324112, 0.126715138554573
-5.85430981470125E-10 , -0.0160522572696209, 0.131323292851448
-5.72930980435871E-10 , 0.017883313819766, 0.133068904280663
-5.60430979401616E-10 , -0.0286255087703466, 0.139746159315109
-5.47930978367361E-10 , -0.0364990495145321, 0.145825266838074
-5.35430977333107E-10 , -0.0219116359949112, 0.152587965130806
-5.22930976298852E-10 , 0.0220947414636612, 0.154962226748466
-5.10430975264597E-10 , 0.0114746177569032, 0.156683430075645
-4.97930974230343E-10 , -0.0195312649011612, 0.155828937888145
-4.85430973196088E-10 , 0.0142822368070483, 0.156927570700645
-4.72930972161834E-10 , -0.0139160258695483, 0.155908271670341
-4.60430998883155E-10 , 0.00347900646738708, 0.153430253267288
-4.479309978489E-10 , 0.00164795038290322, 0.145263731479645
-4.35430996814645E-10 , 0.00830078683793545, 0.140496894717216
-4.22930995780391E-10 , 0.00201416155323386, 0.13742071390152
-4.10430994746136E-10 , 0.00592041434720159, 0.13052374124527
-3.97930993711881E-10 , -0.0267944522202015, 0.131219536066055
-3.85430992677627E-10 , -0.0305176004767418, 0.132391408085823
-3.72930991643372E-10 , 0.0581665448844433, 0.13436895608902
-3.60430990609117E-10 , 0.00482178060337901, 0.131201222538948
-3.47930989574863E-10 , -0.0239257980138063, 0.133746400475502
-3.35430988540608E-10 , -0.0225219894200563, 0.142004460096359
-3.22930987506354E-10 , 0.0159301869571209, 0.148767158389091
-3.10430986472099E-10 , 0.0122680747881532, 0.151208564639091
-2.97930985437844E-10 , 0.0274048056453466, 0.153656080365181
-2.8543098440359E-10 , 0.0395508110523224, 0.159747391939163
-2.72930983369335E-10 , 0.0134277436882257, 0.158276438713074
-2.6043098233508E-10 , 0.0259399600327015, 0.156640693545341
-2.47930981300826E-10 , -0.00952149089425802, 0.154608219861984
-2.35430980266571E-10 , -0.0226440597325563, 0.151989817619324
-2.22930979232316E-10 , -0.0135498140007257, 0.147998109459877
-2.10430978198062E-10 , 0.0258178897202015, 0.143127501010895
-1.97930977163807E-10 , 0.00854492839425802, 0.135327205061913
-1.85430976129553E-10 , 0.0098266676068306, 0.132971242070198
-1.72930975095298E-10 , 0.0383911393582821, 0.129980519413948
-1.60430987938831E-10 , 0.0402832329273224, 0.129290819168091
-1.47930986904576E-10 , 0.0051879920065403, 0.128479063510895
-1.35430985870322E-10 , -0.0169067494571209, 0.130554258823395
-1.22930984836067E-10 , 0.0223388839513063, 0.137133851647377
-1.10430983801812E-10 , 0.017272962257266, 0.134228572249413
-9.79309827675579E-11 , 0.0213623195886612, 0.14413458108902
-8.54309817333032E-11 , -0.0053710974752903, 0.148107975721359
-7.29309806990486E-11 , 0.0307007059454918, 0.153601139783859
-6.04309796647939E-11 , -0.0210571438074112, 0.155108720064163
-4.79309786305393E-11 , -0.0164184682071209, 0.156482011079788
-3.54309810657316E-11 , -0.00231933756731451, 0.15622566640377
-2.2930980031477E-11 , -0.0129394624382257, 0.153936833143234
-1.04309798645841E-11 , -0.0239868331700563, 0.151550367474556
2.06902030230882E-12 , -0.0211792141199112, 0.147985905408859
1.45690213365635E-11 , -0.00384521763771772, 0.142559885978699
2.70690206360946E-11 , -0.019226087257266, 0.139025941491127
3.95690216703493E-11 , -0.0156250111758709, 0.136999577283859
5.20690227046039E-11 , -0.0101928785443306, 0.128845274448395
6.45690237388585E-11 , 0.00183105596806854, 0.12673956155777
7.70690247731132E-11 , -0.0051269568502903, 0.126715138554573
8.95690188684739E-11 , 0.017272962257266, 0.13100591301918
1.02069019902729E-10 , 0.0102539137005806, 0.12990728020668
1.14569020936983E-10 , -0.0288696493953466, 0.138696357607841
1.27069021971238E-10 , 0.00256347842514515, 0.141680970788002
1.39569023005492E-10 , 0.0299682840704918, 0.147058174014091
1.52069024039747E-10 , 0.0109863355755806, 0.154174879193306
1.64569025074002E-10 , 0.0197143703699112, 0.154522776603699
1.77069026108256E-10 , -0.0277099814265966, 0.15738533437252
1.89569027142511E-10 , -0.00421142857521772, 0.157330393791199
2.02069028176766E-10 , 0.0151367299258709, 0.156726151704788
2.1456902921102E-10 , 0.0242920089513063, 0.149176090955734
2.27069030245275E-10 , 0.00341797107830644, 0.146881178021431
2.3956903127953E-10 , -0.000732422398868948, 0.143615782260895
2.52069032313784E-10 , 0.0231323409825563, 0.138647526502609
2.64569033348039E-10 , 0.000366211199434474, 0.133184865117073
2.77069034382293E-10 , -0.0052490271627903, 0.12844854593277
2.89569035416548E-10 , 0.0103149488568306, 0.129040583968163
3.02069036450803E-10 , -0.00109863362740725, 0.127233937382698
3.14569037485057E-10 , -0.0404663383960724, 0.129266411066055
3.27069038519312E-10 , -0.00354004162363708, 0.132690489292145
3.39569011797991E-10 , 0.0368652604520321, 0.138037174940109
3.52069012832246E-10 , 0.0104980543255806, 0.141839668154716
3.645690138665E-10 , -0.0126342866569757, 0.148901432752609
3.77069014900755E-10 , 0.0250854678452015, 0.155249089002609
3.8956901593501E-10 , 0.0153198353946209, 0.157116770744324
4.02069016969264E-10 , -0.00659180153161287, 0.159759595990181
4.14569018003519E-10 , 0.0136108491569757, 0.159393385052681
4.27069019037774E-10 , 0.00909424480050802, 0.159411698579788
4.39569020072028E-10 , -0.018005384132266, 0.153570622205734
4.52069021106283E-10 , -0.0234375167638063, 0.148480296134949
4.64569022140537E-10 , -0.0305786356329918, 0.141088932752609
4.77069050930368E-10 , -0.017211927101016, 0.136120662093163
4.89569051964622E-10 , -0.00830078683793545, 0.135089173913002
5.02069052998877E-10 , -0.0137329204007983, 0.129370167851448
5.14569054033132E-10 , -0.0216674953699112, 0.126153618097305
5.27069055067386E-10 , 0.0128173921257257, 0.129443421959877
5.3956900059049E-10 , -0.00659180153161287, 0.13192754983902
5.52069001624744E-10 , -0.0280151572078466, 0.133496150374413
5.64569002658999E-10 , -0.0273437686264515, 0.140387028455734
5.77069003693254E-10 , -0.0159301869571209, 0.145141661167145
5.89569004727508E-10 , -0.0155639760196209, 0.144110172986984
6.02069005761763E-10 , 0.0256347842514515, 0.150067210197449
6.14569006796017E-10 , 0.0445556975901127, 0.155975416302681
6.27069007830272E-10 , 0.00305175990797579, 0.155511543154716
6.39569008864527E-10 , -0.00848389323800802, 0.156951978802681
6.52069009898781E-10 , -0.0368652604520321, 0.155896067619324
6.64569010933036E-10 , -0.0114746177569032, 0.153961256146431
6.77069011967291E-10 , -0.00317383045330644, 0.143988102674484
6.89569013001545E-10 , -0.00201416155323386, 0.14212042093277
7.020690140358E-10 , -0.0128784272819757, 0.139856025576591
7.14569015070055E-10 , 0.00915527995675802, 0.133526667952538
7.27069016104309E-10 , 0.0109253004193306, 0.131201222538948
7.39569017138564E-10 , -0.00396728795021772, 0.13223272562027
7.52069018172818E-10 , -0.0128173921257257, 0.129748597741127
7.64569019207073E-10 , 0.0228271652013063, 0.128009080886841
7.77069020241328E-10 , -0.00317383045330644, 0.136285454034805
7.89569021275582E-10 , -0.0015258799539879, 0.138751283288002
8.02069022309837E-10 , -0.0126953218132257, 0.140661686658859
8.14569023344092E-10 , -0.0164795033633709, 0.144549623131752
8.27069024378346E-10 , 0.0206909328699112, 0.151342839002609
8.39569025412601E-10 , 0.00268554873764515, 0.152331620454788
8.52069026446856E-10 , 0.00964356120675802, 0.15671394765377
8.6456902748111E-10 , 0.00634766090661287, 0.160180747509003
8.77069028515365E-10 , 0.00909424480050802, 0.160144120454788
8.89569029549619E-10 , -0.00262451358139515, 0.154852360486984
9.02069030583874E-10 , -0.0111694419756532, 0.148297190666199
9.14569031618129E-10 , -0.0198364406824112, 0.14517217874527
9.27069032652383E-10 , 0.018371595069766, 0.138586491346359
9.39568978175487E-10 , 0.00598144950345159, 0.135376036167145
9.52068979209741E-10 , 0.017883313819766, 0.131488099694252
9.64568980243996E-10 , 0.0097656324505806, 0.130304008722305
9.77068981278251E-10 , -0.0136718843132257, 0.129455626010895
