-9.94605064974508E-10 , -0.000750730512663722, 0.149755954742432
-9.82105063940253E-10 , -0.000654295203275979, 0.152978613972664
-9.69605062905998E-10 , -0.000653074530418962, 0.148431494832039
-9.57105061871744E-10 , -0.000767820340115577, 0.142346292734146
-9.44605060837489E-10 , -0.000686033396050334, 0.141870215535164
-9.32105059803234E-10 , -0.000452879699878395, 0.138891696929932
-9.1960505876898E-10 , 0.000129394204122946, 0.132885828614235
-9.07105057734725E-10 , 0.00066894362680614, 0.123773276805878
-8.9460505670047E-10 , -0.00033080970752053, 0.12235115468502
-8.82105055666216E-10 , 0.000347899505868554, 0.119030840694904
-8.69605054631961E-10 , 9.52146001509391E-05, 0.11398933827877
-8.57105053597707E-10 , -0.000462645315565169, 0.1031189635396
-8.44605052563452E-10 , -0.000690916203893721, 0.10153815895319
-8.32105051529197E-10 , -0.00135497702285647, 0.0929871276021004
-8.19605050494943E-10 , -0.000549315009266138, 0.086169496178627
-8.07105049460688E-10 , -0.000664060818962753, 0.0856629014015198
-7.94605048426433E-10 , -0.000723875127732754, 0.0782349184155464
-7.82105047392179E-10 , -0.000368651410099119, 0.0767822787165642
-7.69605046357924E-10 , -0.00048827999853529, 0.0700745135545731
-7.57105045323669E-10 , -0.000295409408863634, 0.0718018040060997
-7.44605044289415E-10 , -0.000401610304834321, 0.0689270496368408
-7.3210504325516E-10 , -0.000229491604841314, 0.0634766072034836
-7.19605042220905E-10 , 1.22070002817054E-06, 0.0619263127446175
-7.07105041186651E-10 , 0.000135497699375264, 0.0642456486821175
-6.94605040152396E-10 , 0.000446776219177991, 0.0658996999263763
-6.82105039118142E-10 , -0.000115966504381504, 0.0667541995644569
-6.69605038083887E-10 , -0.00052245962433517, 0.0688232928514481
-6.57105037049632E-10 , -5.00487003591843E-05, 0.0713623538613319
-6.44605036015378E-10 , -0.00011840790102724, 0.0772095248103142
-6.32105034981123E-10 , 0.000833738129585981, 0.0786011293530464
-6.19605033946868E-10 , 0.000385741208447143, 0.0844910219311714
-6.07105032912614E-10 , -0.000963132304605097, 0.090014711022377
-5.94605031878359E-10 , -0.000108642299892381, 0.0956055372953415
-5.82105086355256E-10 , -0.000311278505250812, 0.104821845889091
-5.69605085321001E-10 , -0.000168456608662382, 0.112445145845413
-5.57105084286746E-10 , -0.000275878206593916, 0.111200027167797
-5.44605083252492E-10 , -0.000303954293485731, 0.119024738669395
-5.32105082218237E-10 , 4.88280011268216E-06, 0.124707117676735
-5.19605081183983E-10 , 3.66210006177425E-05, 0.127612397074699
-5.07105080149728E-10 , 0.000444334815256298, 0.13364876806736
-4.94605079115473E-10 , 0.000723875127732754, 0.142773538827896
-4.82105078081219E-10 , 0.000419920805143192, 0.148864850401878
-4.69605077046964E-10 , 0.000195312008145265, 0.142895609140396
-4.57105048257134E-10 , 0.000129394204122946, 0.149035751819611
-4.44605047222879E-10 , 0.000748289108742028, 0.151635840535164
-4.32105046188624E-10 , 0.000400389602873474, 0.154284775257111
-4.1960504515437E-10 , 0.000504149124026299, 0.152032569050789
-4.07105044120115E-10 , -0.000433348497608677, 0.150750830769539
-3.94605043085861E-10 , -0.000491942104417831, 0.151214703917503
-3.82105069807182E-10 , 0.000294188706902787, 0.150445654988289
-3.69605068772927E-10 , -0.000251464196480811, 0.143994241952896
-3.57105067738672E-10 , 2.31933008763008E-05, 0.137036234140396
-3.44605066704418E-10 , -0.00126220379024744, 0.134600922465324
-3.32105065670163E-10 , -0.000153808199684136, 0.128363132476807
-3.19605064635908E-10 , 0.000363768602255732, 0.127002045512199
-3.07105063601654E-10 , -0.000179442897206172, 0.122137531638145
-2.94605062567399E-10 , 0.000217284599784762, 0.116046220064163
-2.82105061533144E-10 , 0.000366210006177425, 0.102099679410458
-2.6960506049889E-10 , 0.0001745601039147, 0.0987427458167076
-2.57105059464635E-10 , 0.000390624016290531, 0.0948731154203415
-2.44605058430381E-10 , 0.000284423120319843, 0.086718812584877
-2.32105057396126E-10 , 0.000401610304834321, 0.0863098725676537
-2.19605056361871E-10 , 0.00107909878715873, 0.0823914110660553
-2.07105055327617E-10 , 0.000229491604841314, 0.0780701190233231
-1.94605054293362E-10 , 0.000222167407628149, 0.0730042010545731
-1.82105053259107E-10 , 0.000186767108971253, 0.0724365711212158
-1.69605052224853E-10 , -0.000344237399986014, 0.0698975101113319
-1.57105051190598E-10 , -0.000312499207211658, 0.0680298283696175
-1.44605050156343E-10 , -0.000197753397515044, 0.0702759250998497
-1.32105049122089E-10 , -0.000310057803289965, 0.0636230930685997
-1.19605048087834E-10 , 0.0001879878109321, 0.0647827610373497
-1.07105053992473E-10 , 5.12694023200311E-05, 0.0675354450941086
-9.46050529582187E-11 , -0.000262450514128432, 0.0647339299321175
-8.21050519239641E-11 , -0.000124511396279559, 0.0674744099378586
-6.96050508897095E-11 , -0.000263671216089278, 0.0744324252009392
-5.71050533249018E-11 , -6.46971020614728E-05, 0.0757874026894569
-4.46050522906472E-11 , -0.000299071514746174, 0.0808289125561714
-3.21050512563925E-11 , 0.000173339401953854, 0.087207093834877
-1.96050519568614E-11 , 0.000382079102564603, 0.0919739380478859
-7.10505092260671E-12 , -0.0002893058990594, 0.0975525602698326
5.39494924428618E-12 , 0.000153808199684136, 0.10404060035944
1.78949494111791E-11 , -0.000112304405774921, 0.111816480755806
3.03949504454337E-11 , 3.90624009014573E-05, 0.11850593984127
4.28949480102414E-11 , 0.00130248698405921, 0.127093598246574
5.5394949044496E-11 , 0.00115844432730228, 0.127948090434074
6.78949466093037E-11 , -0.000467528123408556, 0.132830902934074
8.03949476435584E-11 , -0.000614012125879526, 0.136468604207039
9.2894948677813E-11 , 0.000208739700610749, 0.138159275054932
1.05394949712068E-10 , 0.000509031931869686, 0.141864106059074
1.17894943807428E-10 , 0.00101318105589598, 0.149884134531021
1.30394944841683E-10 , 0.000700681819580495, 0.153070166707039
1.42894945875938E-10 , -0.0003759756218642, 0.155505478382111
1.55394946910192E-10 , -0.000869138399139047, 0.155444443225861
1.67894947944447E-10 , 0.000462645315565169, 0.151202499866486
1.80394948978702E-10 , 0.000899655919056386, 0.150018408894539
1.92894950012956E-10 , -0.000224608811549842, 0.148724466562271
2.05394951047211E-10 , -0.000328368303598836, 0.142132669687271
2.17894952081465E-10 , 0.000238036504015327, 0.140557959675789
2.3039495311572E-10 , 0.000653074530418962, 0.143573090434074
2.42894954149975E-10 , 0.000208739700610749, 0.13486947119236
2.55394955184229E-10 , -0.000280761014437303, 0.12736214697361
2.67894956218484E-10 , 9.88766987575218E-05, 0.120013512670994
2.80394957252739E-10 , 2.0751900592586E-05, 0.121777430176735
2.92894958286993E-10 , -0.000357665121555328, 0.109027177095413
3.05394959321248E-10 , 0.000644529587589204, 0.100811839103699
3.17894960355503E-10 , -4.272449950804E-05, 0.100592106580734
3.30394961389757E-10 , 0.000275878206593916, 0.0922241806983948
3.42894962424012E-10 , 0.000750730512663722, 0.0894104614853859
3.55394963458266E-10 , 4.15038011851721E-05, 0.0840698853135109
3.67894964492521E-10 , 0.000112304405774921, 0.0781738832592964
3.80394965526776E-10 , 0.000667722895741463, 0.0729187503457069
3.9289496656103E-10 , 0.000728757935576141, 0.0704651325941086
4.05394967595285E-10 , 0.000200194801436737, 0.0689148455858231
4.17894940873964E-10 , 0.000527342432178557, 0.0654602497816086
4.30394941908219E-10 , 0.000419920805143192, 0.0676880329847336
4.42894942942473E-10 , 0.000756833993364125, 0.0685059055685997
4.55394943976728E-10 , 4.15038011851721E-05, 0.0642090290784836
4.67894945010983E-10 , 0.000273436802672222, 0.0651367604732513
4.80394946045237E-10 , 0.0015246543334797, 0.0686157718300819
4.92894947079492E-10 , -7.56834051571786E-05, 0.0729126483201981
5.05394948113747E-10 , 0.000147704704431817, 0.0733826160430908
5.17894949148001E-10 , -0.000139159805257805, 0.0747376009821892
5.30394950182256E-10 , -0.000327147601637989, 0.0796570405364037
5.4289495121651E-10 , -0.000283202418358997, 0.0839844346046448
5.55394952250765E-10 , -8.54489990160801E-05, 0.0900086089968681
5.6789495328502E-10 , 0.000455321103800088, 0.0936035811901093
5.80394954319274E-10 , -8.91111048986204E-05, 0.0985230132937431
5.92894955353529E-10 , 0.000617674202658236, 0.103564523160458
6.05394956387784E-10 , 0.00133788725361228, 0.111822582781315
6.17894957422038E-10 , 0.000241698609897867, 0.121215902268887
6.30394958456293E-10 , 0.000214843210414983, 0.121264733374119
6.42894959490548E-10 , 0.000224608811549842, 0.130944907665253
6.55394960524802E-10 , -5.98143014940433E-05, 0.132940769195557
6.67894961559057E-10 , -0.000349120207829401, 0.136132910847664
6.80394962593311E-10 , 2.0751900592586E-05, 0.139465421438217
6.92894963627566E-10 , -0.000321044120937586, 0.143170267343521
7.05394964661821E-10 , -0.000577391125261784, 0.146496683359146
7.17894965696075E-10 , -0.000296630110824481, 0.149627789855003
7.3039496673033E-10 , -0.000638426106888801, 0.152032569050789
7.42894967764585E-10 , -0.000196532710106112, 0.150354102253914
7.55394968798839E-10 , -0.000587156740948558, 0.152130231261253
7.67894969833094E-10 , -0.000286864495137706, 0.151422217488289
7.80394970867349E-10 , -0.000364989304216579, 0.148712262511253
7.92894971901603E-10 , -0.00037963769864291, 0.143957614898682
8.05394972935858E-10 , 9.64353021117859E-05, 0.141174405813217
8.17894973970112E-10 , 8.66697009769268E-05, 0.134021088480949
8.30394975004367E-10 , 0.000209960402571596, 0.133807465434074
8.42894976038622E-10 , 7.20212992746383E-05, 0.121960535645485
8.55394977072876E-10 , 0.000107421605207492, 0.12174691259861
8.67894978107131E-10 , 0.000224608811549842, 0.116119466722012
8.80394979141386E-10 , 0.000300292216707021, 0.106921456754208
8.9289498017564E-10 , 0.000345458101946861, 0.106866531074047
9.05394981209895E-10 , 0.000318602717015892, 0.0965820997953415
9.1789498224415E-10 , 0.000172118699993007, 0.0928650572896004
9.30394983278404E-10 , -0.000220946705667302, 0.0856629014015198
9.42894984312659E-10 , -0.00019897409947589, 0.0807922929525375
9.55394985346913E-10 , -0.000103759499324951, 0.0744324252009392
9.67894986381168E-10 , -4.88280011268216E-06, 0.0718811526894569
9.80394987415423E-10 , 0.0010290500940755, 0.0725159198045731
