-9.94605064974508E-10 , -0.000253905600402504, 0.104022286832333
-9.82105063940253E-10 , 0.000737302820198238, 0.106060862541199
-9.69605062905998E-10 , -0.000223388109588996, 0.101049870252609
-9.57105061871744E-10 , -9.52146001509391E-05, 0.100390695035458
-9.44605060837489E-10 , 0.000322264793794602, 0.0959473326802254
-9.32105059803234E-10 , 1.09863003672217E-05, 0.0930847823619843
-9.1960505876898E-10 , 6.59178040223196E-05, 0.0933594405651093
-9.07105057734725E-10 , 0.000732420012354851, 0.0944214537739754
-8.9460505670047E-10 , 0.000906980130821466, 0.0985901579260826
-8.82105055666216E-10 , -0.000933835515752435, 0.102288886904716
-8.69605054631961E-10 , -0.00112670613452792, 0.102673411369324
-8.57105053597707E-10 , -0.000277098908554763, 0.10257575660944
-8.44605052563452E-10 , -0.000748289108742028, 0.106811597943306
-8.32105051529197E-10 , -4.272449950804E-05, 0.10623786598444
-8.19605050494943E-10 , 0.00021240180649329, 0.107409738004208
-8.07105049460688E-10 , -0.000336913217324764, 0.105456613004208
-7.94605048426433E-10 , 0.000211181104532443, 0.104498364031315
-7.82105047392179E-10 , -0.00061645352980122, 0.10507819801569
-7.69605046357924E-10 , 0.000230712306802161, 0.103521801531315
-7.57105045323669E-10 , 0.000776365224737674, 0.100042790174484
-7.44605044289415E-10 , -0.000267333292867988, 0.101141430437565
-7.3210504325516E-10 , -0.000163573800818995, 0.095996156334877
-7.19605042220905E-10 , 0.000164794502779841, 0.095477357506752
-7.07105041186651E-10 , -7.93455037637614E-05, 0.0976013839244843
-6.94605040152396E-10 , -0.000628660491202027, 0.0962769240140915
-6.82105039118142E-10 , -0.000500486989039928, 0.0961731597781181
-6.69605038083887E-10 , 0.00011352510045981, 0.100958317518234
-6.57105037049632E-10 , -0.000429686420829967, 0.0975830778479576
-6.44605036015378E-10 , -0.000434569199569523, 0.0991028547286987
-6.32105034981123E-10 , -0.000562742701731622, 0.104107737541199
-6.19605033946868E-10 , 3.66210006177425E-05, 0.105774000287056
-6.07105032912614E-10 , -0.000269774696789682, 0.107818678021431
-5.94605031878359E-10 , -0.00052612170111388, 0.108294755220413
-5.82105086355256E-10 , -0.000457762507721782, 0.110284499824047
-5.69605085321001E-10 , -0.000458983209682629, 0.106805495917797
-5.57105084286746E-10 , -0.000297850812785327, 0.106701731681824
-5.44605083252492E-10 , -0.00037963769864291, 0.104272529482841
-5.32105082218237E-10 , -0.000194091306184418, 0.0988648161292076
-5.19605081183983E-10 , -0.00034179599606432, 0.0945740416646004
-5.07105080149728E-10 , 0.000366210006177425, 0.0967407897114754
-4.94605079115473E-10 , 0.000228270902880467, 0.0961548537015915
-4.82105078081219E-10 , 9.88766987575218E-05, 0.0924744307994843
-4.69605077046964E-10 , 0.000106200903246645, 0.092425599694252
-4.57105048257134E-10 , 0.000244139999267645, 0.095996156334877
-4.44605047222879E-10 , 4.88280020363163E-05, 0.0956665724515915
-4.32105046188624E-10 , 0.000218505301745608, 0.0988526046276093
-4.1960504515437E-10 , 0.000402831006795168, 0.103955149650574
-4.07105044120115E-10 , -1.95312004507286E-05, 0.106927566230297
-3.94605043085861E-10 , 0.000122069999633823, 0.109368972480297
-3.82105069807182E-10 , 0.000404051708756015, 0.108184888958931
-3.69605068772927E-10 , -0.000131835608044639, 0.107177808880806
-3.57105067738672E-10 , 0.000263671216089278, 0.106573559343815
-3.44605066704418E-10 , 0.00105102267116308, 0.10941169410944
-3.32105065670163E-10 , 0.000227050200919621, 0.10208136588335
-3.19605064635908E-10 , -0.000395506795030087, 0.0978028029203415
-3.07105063601654E-10 , -0.000266112620010972, 0.102929756045341
-2.94605062567399E-10 , -0.000621336337644607, 0.10220954567194
-2.82105061533144E-10 , -0.000449217623099685, 0.095965638756752
-2.6960506049889E-10 , 0.000229491604841314, 0.0893921479582787
-2.57105059464635E-10 , 6.22556981397793E-05, 0.0953919142484665
-2.44605058430381E-10 , -0.000249022792559117, 0.0961609557271004
-2.32105057396126E-10 , 0.000177001507836394, 0.0935425460338593
-2.19605056361871E-10 , 0.000955808151047677, 0.0964356139302254
-2.07105055327617E-10 , -0.000374754919903353, 0.100470036268234
-1.94605054293362E-10 , 0.00052612170111388, 0.103906318545341
-1.82105053259107E-10 , -0.0002893058990594, 0.106384351849556
-1.69605052224853E-10 , 0.000322264793794602, 0.106475904583931
-1.57105051190598E-10 , 0.00105468486435711, 0.108612135052681
-1.44605050156343E-10 , -0.000466307421447709, 0.11020515114069
-1.32105049122089E-10 , 0.000186767108971253, 0.106335520744324
-1.19605048087834E-10 , -0.000222167407628149, 0.105151437222958
-1.07105053992473E-10 , -0.000108642299892381, 0.102093577384949
-9.46050529582187E-11 , -0.000799558532889932, 0.100891180336475
-8.21050519239641E-11 , -0.000311278505250812, 0.0996094420552254
-6.96050508897095E-11 , 0.000189208498341031, 0.10012824088335
-5.71050533249018E-11 , 0.000189208498341031, 0.0934204757213593
-4.46050522906472E-11 , 2.56347011600155E-05, 0.0934998169541359
-3.21050512563925E-11 , -0.000644529587589204, 0.096026673913002
-1.96050519568614E-11 , 0.000223388109588996, 0.0947327315807343
-7.10505092260671E-12 , 0.000246581417741254, 0.0958374664187431
5.39494924428618E-12 , 0.000732420012354851, 0.104028388857841
1.78949494111791E-11 , 0.000279540312476456, 0.102648995816708
3.03949504454337E-11 , 0.00014282189658843, 0.101556465029716
4.28949480102414E-11 , 0.000319823418976739, 0.107330396771431
5.5394949044496E-11 , -0.00127196940593421, 0.108294755220413
6.78949466093037E-11 , -0.000253905600402504, 0.106774978339672
8.03949476435584E-11 , -4.76073000754695E-05, 0.106781080365181
9.2894948677813E-11 , -9.76560022536432E-06, 0.108844071626663
1.05394949712068E-10 , -2.31933008763008E-05, 0.106341622769833
1.17894943807428E-10 , -0.000183105003088713, 0.102801583707333
1.30394944841683E-10 , 0.000640867510810494, 0.0970459654927254
1.42894945875938E-10 , 0.000418700103182346, 0.100170969963074
1.55394946910192E-10 , -0.000134276997414418, 0.0943665206432343
1.67894947944447E-10 , -0.000396727496990934, 0.0916138291358948
1.80394948978702E-10 , 5.61522028874606E-05, 0.0949951857328415
1.92894950012956E-10 , 7.32420012354851E-05, 0.0967468917369843
2.05394951047211E-10 , 0.000262450514128432, 0.0959595367312431
2.17894952081465E-10 , 0.000456541805760935, 0.0999512374401093
2.3039495311572E-10 , -0.000167235906701535, 0.10281989723444
2.42894954149975E-10 , -0.000682371319271624, 0.10495612770319
2.55394955184229E-10 , -0.000991208478808403, 0.106378249824047
2.67894956218484E-10 , -0.00053344591287896, 0.106732249259949
2.80394957252739E-10 , -0.000455321103800088, 0.106366038322449
2.92894958286993E-10 , -0.000487059325678274, 0.104821845889091
3.05394959321248E-10 , -6.59178040223196E-05, 0.105542063713074
3.17894960355503E-10 , -9.76560040726326E-05, 0.10300300270319
3.30394961389757E-10 , -0.000201415503397584, 0.102063059806824
3.42894962424012E-10 , -0.000347899505868554, 0.101916573941708
3.55394963458266E-10 , -0.000363768602255732, 0.0998413786292076
3.67894964492521E-10 , 0.000296630110824481, 0.0954834669828415
3.80394965526776E-10 , -3.78417025785893E-05, 0.093920961022377
3.9289496656103E-10 , -0.000761716801207513, 0.093737855553627
4.05394967595285E-10 , 0.000136718401336111, 0.094012513756752
4.17894940873964E-10 , 0.000971677247434855, 0.0957764312624931
4.30394941908219E-10 , -0.000822751841042191, 0.0983093902468681
4.42894942942473E-10 , -0.000108642299892381, 0.0992432311177254
4.55394943976728E-10 , 0.000700681819580495, 0.103772044181824
4.67894945010983E-10 , 0.000573728990275413, 0.104449532926083
4.80394946045237E-10 , 0.000754392589442432, 0.106866531074047
4.92894947079492E-10 , 5.12694023200311E-05, 0.10751960426569
5.05394948113747E-10 , 9.88766987575218E-05, 0.107385329902172
5.17894949148001E-10 , -0.000473631604108959, 0.10599372535944
5.30394950182256E-10 , -9.76560022536432E-06, 0.106494210660458
5.4289495121651E-10 , -0.000109863001853228, 0.104791328310966
5.55394952250765E-10 , 7.32419994164957E-06, 0.103906318545341
5.6789495328502E-10 , 0.000479735113913193, 0.103680491447449
5.80394954319274E-10 , 0.000151366810314357, 0.0985169112682343
5.92894955353529E-10 , 0.000263671216089278, 0.095568910241127
6.05394956387784E-10 , 0.000593260221648961, 0.0923706665635109
6.17894957422038E-10 , -0.000246581417741254, 0.0945252105593681
6.30394958456293E-10 , -0.000205077609280124, 0.0918579697608948
6.42894959490548E-10 , 0.00116820994298905, 0.100347965955734
6.55394960524802E-10 , 0.0010974092874676, 0.0984070524573326
6.67894961559057E-10 , -0.000718992319889367, 0.0983521193265915
6.80394962593311E-10 , -0.000684812723193318, 0.103070139884949
6.92894963627566E-10 , -2.56347011600155E-05, 0.104730293154716
7.05394964661821E-10 , -0.000500486989039928, 0.106707833707333
7.17894965696075E-10 , -0.000123290708870627, 0.108703687787056
7.3039496673033E-10 , 0.00101684313267469, 0.109387278556824
7.42894967764585E-10 , 0.000573728990275413, 0.109210282564163
7.55394968798839E-10 , -0.000549315009266138, 0.10739753395319
7.67894969833094E-10 , -5.49315009266138E-05, 0.104925610125065
7.80394970867349E-10 , 0.000180663599167019, 0.104370191693306
7.92894971901603E-10 , 0.0010974092874676, 0.102197334170341
8.05394972935858E-10 , 0.000801999936811626, 0.0992920622229576
8.17894973970112E-10 , 0.000765378936193883, 0.0970398634672165
8.30394975004367E-10 , 0.000665281491819769, 0.0963257476687431
8.42894976038622E-10 , 0.000349120207829401, 0.095263734459877
8.55394977072876E-10 , -0.000739744224119931, 0.0962586104869843
8.67894978107131E-10 , 0.00034179599606432, 0.0969238951802254
8.80394979141386E-10 , -0.000114745802420657, 0.0972473844885826
8.9289498017564E-10 , -0.000747068435885012, 0.0996826887130737
9.05394981209895E-10 , -6.10349998169113E-05, 0.103393629193306
9.1789498224415E-10 , -0.000357665121555328, 0.108819656074047
9.30394983278404E-10 , 0.000255126302363351, 0.108306959271431
9.42894984312659E-10 , 0.000273436802672222, 0.107067942619324
9.55394985346913E-10 , 0.000275878206593916, 0.108514480292797
9.67894986381168E-10 , -0.000598143029492348, 0.106390453875065
9.80394987415423E-10 , -0.000406493112677708, 0.106475904583931
