-9.94605064974508E-10 , -0.000780027301516384, 0.0596130788326263
-9.82105063940253E-10 , 0.000324706197716296, 0.0603638105094433
-9.69605062905998E-10 , 0.000449217623099685, 0.0619324147701263
-9.57105061871744E-10 , -0.000567625509575009, 0.0590210370719433
-9.44605060837489E-10 , 9.03317995835096E-05, 0.0583740621805191
-9.32105059803234E-10 , 0.000186767108971253, 0.057293739169836
-9.1960505876898E-10 , -0.000251464196480811, 0.057782020419836
-9.07105057734725E-10 , 7.08006045897491E-05, 0.0586731359362602
-8.9460505670047E-10 , -0.000266112620010972, 0.0608215741813183
-8.82105055666216E-10 , 0.000447996921138838, 0.0607666447758675
-8.69605054631961E-10 , -0.000307616399368271, 0.0617126896977425
-8.57105053597707E-10 , -0.000968015112448484, 0.0615417920053005
-8.44605052563452E-10 , -3.1738200050313E-05, 0.0610657148063183
-8.32105051529197E-10 , -0.000872800534125417, 0.0606811940670013
-8.19605050494943E-10 , -0.00021240180649329, 0.0612610280513763
-8.07105049460688E-10 , 0.000279540312476456, 0.0617676191031933
-7.94605048426433E-10 , -0.000213622508454137, 0.0621277280151844
-7.82105047392179E-10 , -0.000249022792559117, 0.0614807568490505
-7.69605046357924E-10 , 0.000251464196480811, 0.0589050687849522
-7.57105045323669E-10 , 0.000422362209064886, 0.0611633732914925
-7.44605044289415E-10 , -0.000352782313711941, 0.0604370534420013
-7.3210504325516E-10 , -0.000657957338262349, 0.0607117116451263
-7.19605042220905E-10 , 0.00011840790102724, 0.0600159093737602
-7.07105041186651E-10 , 0.000704343896359205, 0.0588623434305191
-6.94605040152396E-10 , 0.000294188706902787, 0.0598205961287022
-6.82105039118142E-10 , 0.000190429200301878, 0.0604431554675102
-6.69605038083887E-10 , -1.70898001670139E-05, 0.0615723095834255
-6.57105037049632E-10 , -0.000175780805875547, 0.0603393986821175
-6.44605036015378E-10 , 0.000369872112059966, 0.0633240193128586
-6.32105034981123E-10 , 0.000364989304216579, 0.0627930089831352
-6.19605033946868E-10 , 8.78904029377736E-05, 0.0618103444576263
-6.07105032912614E-10 , -0.000178222209797241, 0.0599853917956352
-5.94605031878359E-10 , -0.000384520506486297, 0.0615051686763763
-5.82105086355256E-10 , -0.000628660491202027, 0.0657104924321175
-5.69605085321001E-10 , -0.000765378936193883, 0.0648010671138763
-5.57105084286746E-10 , -0.000689695531036705, 0.0661011189222336
-5.44605083252492E-10 , -0.000540770124644041, 0.0643310993909836
-5.32105082218237E-10 , 0.00024047790793702, 0.0623840764164925
-5.19605081183983E-10 , -0.000361327198334038, 0.0603149831295013
-5.07105080149728E-10 , 0.000603025837335736, 0.0633362233638763
-4.94605079115473E-10 , 0.000136718401336111, 0.0572876371443272
-4.82105078081219E-10 , 0.000164794502779841, 0.0580627843737602
-4.69605077046964E-10 , -0.0001879878109321, 0.0684875994920731
-4.57105048257134E-10 , -0.000366210006177425, 0.0669800266623497
-4.44605047222879E-10 , 0.000250243494519964, 0.0616699643433094
-4.32105046188624E-10 , -9.88766987575218E-05, 0.0631653293967247
-4.1960504515437E-10 , 0.000895993842277676, 0.0652344226837158
-4.07105044120115E-10 , -0.000697019742801785, 0.0603638105094433
-3.94605043085861E-10 , 0.000852048629894853, 0.0609314367175102
-3.82105069807182E-10 , 0.000268553994828835, 0.0621033124625683
-3.69605068772927E-10 , -0.000321044120937586, 0.0603699162602425
-3.57105067738672E-10 , 5.24901006428991E-05, 0.0619995556771755
-3.44605066704418E-10 , -1.70898001670139E-05, 0.0630737766623497
-3.32105065670163E-10 , 0.000816648302134126, 0.0631287023425102
-3.19605064635908E-10 , -0.000594480894505978, 0.0626892521977425
-3.07105063601654E-10 , -0.00115478225052357, 0.0625854954123497
-2.94605062567399E-10 , -0.000382079102564603, 0.0603088773787022
-2.82105061533144E-10 , -0.000364989304216579, 0.0614319257438183
-2.6960506049889E-10 , 0.000394286122173071, 0.0688538104295731
-2.57105059464635E-10 , 0.000189208498341031, 0.0617309994995594
-2.44605058430381E-10 , 2.80761014437303E-05, 0.0585754811763763
-2.32105057396126E-10 , -0.000172118699993007, 0.0609497502446175
-2.19605056361871E-10 , -0.00021240180649329, 0.0631836354732513
-2.07105055327617E-10 , 0.000234374398132786, 0.0628662556409836
-1.94605054293362E-10 , 0.00037963769864291, 0.0641846135258675
-1.82105053259107E-10 , 0.000706785300280899, 0.0647522434592247
-1.69605052224853E-10 , 0.00037963769864291, 0.0638489201664925
-1.57105051190598E-10 , 0.000426024314947426, 0.0644653737545013
-1.44605050156343E-10 , -0.000343016698025167, 0.0629455968737602
-1.32105049122089E-10 , 0.000117187199066393, 0.0654358342289925
-1.19605048087834E-10 , -0.000156249603605829, 0.0658325627446175
-1.07105053992473E-10 , -0.000196532710106112, 0.0661804676055908
-9.46050529582187E-11 , -7.08006045897491E-05, 0.0645874440670013
-8.21050519239641E-11 , 0.000443114113295451, 0.0641540959477425
-6.96050508897095E-11 , -9.76560040726326E-05, 0.0647522434592247
-5.71050533249018E-11 , -0.00028564379317686, 0.0649353489279747
-4.46050522906472E-11 , 9.03317995835096E-05, 0.0653015598654747
-3.21050512563925E-11 , -0.000372313515981659, 0.0653564929962158
-1.96050519568614E-11 , 0.00019897409947589, 0.0639221593737602
-7.10505092260671E-12 , -0.00129760417621583, 0.0604492612183094
5.39494924428618E-12 , -0.000230712306802161, 0.0644775852560997
1.78949494111791E-11 , 3.54003022948746E-05, 0.0678894519805908
3.03949504454337E-11 , -0.000183105003088713, 0.0654724538326263
4.28949480102414E-11 , 0.000922849227208644, 0.0654175281524658
5.5394949044496E-11 , 0.000585936009883881, 0.0683533176779747
6.78949466093037E-11 , 0.000750730512663722, 0.0649719685316086
8.03949476435584E-11 , 0.00072143372381106, 0.0636536106467247
9.2894948677813E-11 , 0.000324706197716296, 0.0644043385982513
1.05394949712068E-10 , 0.000534666585735977, 0.0644714832305908
1.17894943807428E-10 , -0.000451658997917548, 0.0656555593013763
1.30394944841683E-10 , -0.000465086719486862, 0.0661804676055908
1.42894945875938E-10 , -0.000695799011737108, 0.0664429143071175
1.55394946910192E-10 , -0.000277098908554763, 0.0652649402618408
1.67894947944447E-10 , -0.000148925406392664, 0.0660278797149658
1.80394948978702E-10 , 1.22070002817054E-06, 0.0649109333753586
1.92894950012956E-10 , 0.00019897409947589, 0.0648193806409836
2.05394951047211E-10 , 0.000230712306802161, 0.0630859807133675
2.17894952081465E-10 , 0.000249022792559117, 0.0671814456582069
2.3039495311572E-10 , 0.000224608811549842, 0.0680847615003586
2.42894954149975E-10 , -0.000233153710723855, 0.0653931125998497
2.55394955184229E-10 , -0.000601805106271058, 0.0678833499550819
2.67894956218484E-10 , -0.000186767108971253, 0.0666443333029747
2.80394957252739E-10 , -0.000861814245581627, 0.0644592717289925
2.92894958286993E-10 , -0.000456541805760935, 0.0630920827388763
3.05394959321248E-10 , -3.1738200050313E-05, 0.0669739246368408
3.17894960355503E-10 , 0.00037963769864291, 0.0684387683868408
3.30394961389757E-10 , 0.000388182612368837, 0.0722534656524658
3.42894962424012E-10 , -0.000145263300510123, 0.0679443851113319
3.55394963458266E-10 , -0.000117187199066393, 0.0677978992462158
3.67894964492521E-10 , 0.000427245016908273, 0.0691956058144569
3.80394965526776E-10 , -2.44140010181582E-05, 0.0688293948769569
3.9289496656103E-10 , 0.00029296800494194, 0.0688538104295731
4.05394967595285E-10 , -9.88766987575218E-05, 0.0682007297873497
4.17894940873964E-10 , 0.000600584433414042, 0.0694214329123497
4.30394941908219E-10 , 0.000760496128350496, 0.0682129338383675
4.42894942942473E-10 , -0.000339354621246457, 0.0682495608925819
4.55394943976728E-10 , -0.000454100401839241, 0.0681702122092247
4.67894945010983E-10 , 0.00048827999853529, 0.0692261233925819
4.80394946045237E-10 , 0.00038329980452545, 0.0695740208029747
4.92894947079492E-10 , -0.000302733620628715, 0.0715576633810997
5.05394948113747E-10 , -0.000451658997917548, 0.0703613758087158
5.17894949148001E-10 , -0.000927732035052031, 0.0655762180685997
5.30394950182256E-10 , 0.000247802119702101, 0.0718994662165642
5.4289495121651E-10 , -0.000438231305452064, 0.0707642063498497
5.55394952250765E-10 , -0.000423582911025733, 0.0681091770529747
5.6789495328502E-10 , 0.000264891918050125, 0.0686768069863319
5.80394954319274E-10 , 0.000296630110824481, 0.0717712864279747
5.92894955353529E-10 , 0.000361327198334038, 0.0723389163613319
6.05394956387784E-10 , 0.00034179599606432, 0.0695007815957069
6.17894957422038E-10 , -0.000190429200301878, 0.0705627948045731
6.30394958456293E-10 , 4.39452014688868E-05, 0.0681030750274658
6.42894959490548E-10 , -0.000482176517834887, 0.0710022449493408
6.55394960524802E-10 , 0.00011352510045981, 0.0721374973654747
6.67894961559057E-10 , -8.54489990160801E-05, 0.0722229480743408
6.80394962593311E-10 , -0.000395506795030087, 0.0718994662165642
6.92894963627566E-10 , -1.58691000251565E-05, 0.0735229998826981
7.05394964661821E-10 , -2.80761014437303E-05, 0.0722778812050819
7.17894965696075E-10 , -0.000131835608044639, 0.0701782703399658
7.3039496673033E-10 , 0.000229491604841314, 0.0695435032248497
7.42894967764585E-10 , 0.00014282189658843, 0.0690491199493408
7.55394968798839E-10 , -0.0011877411743626, 0.0701538547873497
7.67894969833094E-10 , 0.000135497699375264, 0.0690063983201981
7.80394970867349E-10 , 0.000230712306802161, 0.0712463855743408
7.92894971901603E-10 , 0.000312499207211658, 0.0723999515175819
8.05394972935858E-10 , 0.000125732098240405, 0.0728149935603142
8.17894973970112E-10 , 0.000273436802672222, 0.0738831087946892
8.30394975004367E-10 , 0.000233153710723855, 0.0753052309155464
8.42894976038622E-10 , 8.30076023703441E-05, 0.0720520541071892
8.55394977072876E-10 , -1.83105003088713E-05, 0.0746399462223053
8.67894978107131E-10 , 0.000168456608662382, 0.0740845203399658
8.80394979141386E-10 , 0.000450438295956701, 0.0724731907248497
8.9289498017564E-10 , -0.000177001507836394, 0.0742310062050819
9.05394981209895E-10 , -2.0751900592586E-05, 0.0764343813061714
9.1789498224415E-10 , 0.000516356085427105, 0.0757263675332069
9.30394983278404E-10 , 0.000684812723193318, 0.0717834979295731
9.42894984312659E-10 , 0.000561522028874606, 0.0711304172873497
9.55394985346913E-10 , 0.00043945200741291, 0.0720642581582069
9.67894986381168E-10 , 0.000350340909790248, 0.0746643543243408
9.80394987415423E-10 , 0.000406493112677708, 0.0763794481754303
