-9.94605064974508E-10 , -2.56347011600155E-05, 0.0674499943852425
-9.82105063940253E-10 , 6.71384987072088E-05, 0.0734619647264481
-9.69605062905998E-10 , 0.00015991170948837, 0.0745422840118408
-9.57105061871744E-10 , 0.000461424613604322, 0.0714478045701981
-9.44605060837489E-10 , 6.34764001006261E-05, 0.0773743242025375
-9.32105059803234E-10 , -0.00062743981834501, 0.0810486376285553
-9.1960505876898E-10 , -0.000235595100093633, 0.0784790590405464
-9.07105057734725E-10 , 0.000216063897823915, 0.0833862870931625
-8.9460505670047E-10 , 0.000540770124644041, 0.0877808183431625
-8.82105055666216E-10 , 0.000427245016908273, 0.090930238366127
-8.69605054631961E-10 , 0.000583494605962187, 0.092181459069252
-8.57105053597707E-10 , 0.000953366747125983, 0.092944398522377
-8.44605052563452E-10 , -0.000855710706673563, 0.102044746279716
-8.32105051529197E-10 , 0.000155028901644982, 0.0986206755042076
-8.19605050494943E-10 , -7.32419994164957E-06, 0.100750803947449
-8.07105049460688E-10 , -0.00103149155620486, 0.108178786933422
-7.94605048426433E-10 , -0.000617674202658236, 0.113769605755806
-7.82105047392179E-10 , -0.000474852306069806, 0.11472176015377
-7.69605046357924E-10 , 0.000128173502162099, 0.116461262106895
-7.57105045323669E-10 , -0.000314940611133352, 0.121099933981895
-7.44605044289415E-10 , -0.000622557010501623, 0.12235726416111
-7.3210504325516E-10 , -0.000329589005559683, 0.123236171901226
-7.19605042220905E-10 , -3.1738200050313E-05, 0.123223960399628
-7.07105041186651E-10 , -0.000614012125879526, 0.127026453614235
-6.94605040152396E-10 , -8.30076023703441E-05, 0.129602134227753
-6.82105039118142E-10 , 0.000239257205976173, 0.135431006550789
-6.69605038083887E-10 , -0.000490721431560814, 0.13639535009861
-6.57105037049632E-10 , -0.000128173502162099, 0.137017920613289
-6.44605036015378E-10 , -0.000183105003088713, 0.144024759531021
-6.32105034981123E-10 , -9.39939054660499E-05, 0.148217871785164
-6.19605033946868E-10 , -9.03317995835096E-05, 0.146356299519539
-6.07105032912614E-10 , 4.272449950804E-05, 0.146850690245628
-5.94605031878359E-10 , 0.000131835608044639, 0.150085553526878
-5.82105086355256E-10 , -0.000406493112677708, 0.154498398303986
-5.69605085321001E-10 , -0.000462645315565169, 0.153991803526878
-5.57105084286746E-10 , -0.000512694008648396, 0.153979599475861
-5.44605083252492E-10 , -0.000228270902880467, 0.155688583850861
-5.32105082218237E-10 , 0.000119628602988087, 0.154211536049843
-5.19605081183983E-10 , 0.000801999936811626, 0.158947870135307
-5.07105080149728E-10 , 0.00042846571886912, 0.159100458025932
-4.94605079115473E-10 , 0.000881345418747514, 0.158026233315468
-4.82105078081219E-10 , 0.000397948198951781, 0.157653912901878
-4.69605077046964E-10 , -0.000466307421447709, 0.155560404062271
-4.57105048257134E-10 , -0.000223388109588996, 0.156787216663361
-4.44605047222879E-10 , -5.12694023200311E-05, 0.155438333749771
-4.32105046188624E-10 , 0.000478514411952347, 0.156298935413361
-4.1960504515437E-10 , -0.000858152110595256, 0.153936877846718
-4.07105044120115E-10 , -0.000172118699993007, 0.153399765491486
-3.94605043085861E-10 , -0.00033813391928561, 0.156018167734146
-3.82105069807182E-10 , -0.000144042598549277, 0.149939060211182
-3.69605068772927E-10 , 6.95799026289023E-05, 0.146759137511253
-3.57105067738672E-10 , 0.000718992319889367, 0.144079685211182
-3.44605066704418E-10 , -8.66697009769268E-05, 0.146075546741486
-3.32105065670163E-10 , -0.000177001507836394, 0.140899747610092
-3.19605064635908E-10 , -7.20212992746383E-05, 0.141681000590324
-3.07105063601654E-10 , -0.000241698609897867, 0.138848975300789
-2.94605062567399E-10 , -0.000749509839806706, 0.136804297566414
-2.82105061533144E-10 , -0.00126586598344147, 0.13541878759861
-2.6960506049889E-10 , 8.54490008350695E-06, 0.132171720266342
-2.57105059464635E-10 , -2.44140005634108E-06, 0.128881931304932
-2.44605058430381E-10 , -7.20212992746383E-05, 0.127008140087128
-2.32105057396126E-10 , 0.000122069999633823, 0.12290658056736
-2.19605056361871E-10 , 0.00141601206269115, 0.119458086788654
-2.07105055327617E-10 , -9.39939054660499E-05, 0.12137459218502
-1.94605054293362E-10 , 0.000300292216707021, 0.110968090593815
-1.82105053259107E-10 , 0.000316161313094199, 0.113830640912056
-1.69605052224853E-10 , 0.000126952800201252, 0.109191969037056
-1.57105051190598E-10 , -0.000122069999633823, 0.10593269020319
-1.44605050156343E-10 , -0.000637205434031785, 0.100170969963074
-1.32105049122089E-10 , -0.000382079102564603, 0.095294252038002
-1.19605048087834E-10 , -0.000340575294103473, 0.094134584069252
-1.07105053992473E-10 , 1.70898001670139E-05, 0.0914368331432343
-9.46050529582187E-11 , -3.66209997082478E-06, 0.093127503991127
-8.21050519239641E-11 , -4.272449950804E-05, 0.0876282304525375
-6.96050508897095E-11 , 0.000183105003088713, 0.0841675400733948
-5.71050533249018E-11 , 0.000487059325678274, 0.0838318467140198
-4.46050522906472E-11 , 0.000517576816491783, 0.0829712450504303
-3.21050512563925E-11 , 0.000253905600402504, 0.0779541581869125
-1.96050519568614E-11 , 0.000687254127115011, 0.0753540545701981
-7.10505092260671E-12 , 2.44140005634108E-06, 0.0715759769082069
5.39494924428618E-12 , -0.000250243494519964, 0.0668335407972336
1.78949494111791E-11 , -0.000405272410716861, 0.0741089358925819
3.03949504454337E-11 , 0.000494383508339524, 0.0688660144805908
4.28949480102414E-11 , 0.000562742701731622, 0.0721619129180908
5.5394949044496E-11 , -6.22556981397793E-05, 0.0682983845472336
6.78949466093037E-11 , 0.000540770124644041, 0.0635803639888763
8.03949476435584E-11 , 0.000177001507836394, 0.0709534212946892
9.2894948677813E-11 , 0.00132812163792551, 0.0663879886269569
1.05394949712068E-10 , -0.000716550915967673, 0.0667297840118408
1.17894943807428E-10 , 0.000557859893888235, 0.0652527287602425
1.30394944841683E-10 , 4.76073000754695E-05, 0.0640259236097336
1.42894945875938E-10 , 2.80761014437303E-05, 0.0605408139526844
1.55394946910192E-10 , 0.00023681580205448, 0.0638000890612602
1.67894947944447E-10 , -0.000408934516599402, 0.0641296803951263
1.80394948978702E-10 , 0.000313719909172505, 0.0656494572758675
1.92894950012956E-10 , -0.00019897409947589, 0.0714417025446892
2.05394951047211E-10 , 1.70898001670139E-05, 0.0686707049608231
2.17894952081465E-10 , -0.000152587497723289, 0.0692078098654747
2.3039495311572E-10 , -7.81248018029146E-05, 0.0689514651894569
2.42894954149975E-10 , -0.000570066913496703, 0.0696777850389481
2.55394955184229E-10 , -0.000272216100711375, 0.0721680149435997
2.67894956218484E-10 , -0.000373534217942506, 0.0728943347930908
2.80394957252739E-10 , 0.000764158205129206, 0.0771545916795731
2.92894958286993E-10 , 0.00092406990006566, 0.0802368745207787
3.05394959321248E-10 , 2.0751900592586E-05, 0.0821411684155464
3.17894960355503E-10 , 0.000729978608433157, 0.0843018144369125
3.30394961389757E-10 , -6.46971020614728E-05, 0.0863892212510109
3.42894962424012E-10 , -0.000487059325678274, 0.0880127549171448
3.55394963458266E-10 , 5.61522028874606E-05, 0.0868225693702698
3.67894964492521E-10 , 0.000528563105035573, 0.0918091461062431
3.80394965526776E-10 , 0.000228270902880467, 0.0953003615140915
3.9289496656103E-10 , -0.000391844718251377, 0.0963562652468681
4.05394967595285E-10 , -0.000366210006177425, 0.0996948927640915
4.17894940873964E-10 , -0.000771482416894287, 0.105560377240181
4.30394941908219E-10 , -0.000208739700610749, 0.111254960298538
4.42894942942473E-10 , -0.000489500700496137, 0.112335279583931
4.55394943976728E-10 , -0.000798337801825255, 0.117724686861038
4.67894945010983E-10 , -1.83105003088713E-05, 0.120178304612637
4.80394946045237E-10 , -0.000688474799972028, 0.121185384690762
4.92894947079492E-10 , 0.000510252604726702, 0.124206624925137
5.05394948113747E-10 , -8.78904029377736E-05, 0.12521980702877
5.17894949148001E-10 , -0.000445555517217144, 0.133093357086182
5.30394950182256E-10 , 0.000147704704431817, 0.13242806494236
5.4289495121651E-10 , -0.000916745746508241, 0.133667081594467
5.55394952250765E-10 , 0.000324706197716296, 0.13694466650486
5.6789495328502E-10 , 0.000720212992746383, 0.138549894094467
5.80394954319274E-10 , 6.34764001006261E-05, 0.142297461628914
5.92894955353529E-10 , -0.000230712306802161, 0.147137552499771
6.05394956387784E-10 , 0.000196532710106112, 0.148559674620628
6.17894957422038E-10 , 0.000423582911025733, 0.147699072957039
6.30394958456293E-10 , 0.000140380507218651, 0.149139508605003
6.42894959490548E-10 , 0.000400389602873474, 0.149102881550789
6.55394960524802E-10 , 0.000234374398132786, 0.150116071105003
6.67894961559057E-10 , 0.000399168900912628, 0.151892200112343
6.80394962593311E-10 , 0.000189208498341031, 0.154028430581093
6.92894963627566E-10 , -8.17869004094973E-05, 0.150543317198753
7.05394964661821E-10 , 0.000108642299892381, 0.159533798694611
7.17894965696075E-10 , 0.000345458101946861, 0.161755487322807
7.3039496673033E-10 , 0.000461424613604322, 0.160083115100861
7.42894967764585E-10 , -0.000168456608662382, 0.161224469542503
7.55394968798839E-10 , -6.83592006680556E-05, 0.158935651183128
7.67894969833094E-10 , -0.000291747302981094, 0.157702744007111
7.80394970867349E-10 , -0.000262450514128432, 0.151611432433128
7.92894971901603E-10 , 0.000151366810314357, 0.156311139464378
8.05394972935858E-10 , -0.000186767108971253, 0.155926614999771
8.17894973970112E-10 , -0.000324706197716296, 0.154870718717575
8.30394975004367E-10 , -0.000500486989039928, 0.153735458850861
8.42894976038622E-10 , 0.000922849227208644, 0.153271585702896
8.55394977072876E-10 , -0.00048461792175658, 0.150195419788361
8.67894978107131E-10 , 0.000333251111442223, 0.144232273101807
8.80394979141386E-10 , 0.000371092814020813, 0.145855814218521
8.9289498017564E-10 , 0.000258788408245891, 0.143011569976807
9.05394981209895E-10 , 0.00076293753227219, 0.141876325011253
9.1789498224415E-10 , -0.000277098908554763, 0.140728861093521
9.30394983278404E-10 , 0.0012939419830218, 0.138214200735092
9.42894984312659E-10 , 4.15038011851721E-05, 0.133801355957985
9.55394985346913E-10 , 0.000555418489966542, 0.133581638336182
9.67894986381168E-10 , 0.000607908586971462, 0.132476896047592
9.80394987415423E-10 , 3.1738200050313E-05, 0.126458823680878
