-9.94605064974508E-10 , -3.66210006177425E-05, 0.0613525807857513
-9.82105063940253E-10 , -7.08006045897491E-05, 0.0687378421425819
-9.69605062905998E-10 , -0.000369872112059966, 0.0709656253457069
-9.57105061871744E-10 , -0.000880124745890498, 0.0723877474665642
-9.44605060837489E-10 , -0.000284423120319843, 0.0744202136993408
-9.32105059803234E-10 , -9.76560040726326E-05, 0.0748840868473053
-9.1960505876898E-10 , 0.0003759756218642, 0.0822388231754303
-9.07105057734725E-10 , 0.000585936009883881, 0.0813843309879303
-8.9460505670047E-10 , 0.000943601131439209, 0.0853211060166359
-8.82105055666216E-10 , 0.000306395697407424, 0.0885132476687431
-8.69605054631961E-10 , 0.000407713814638555, 0.0886170044541359
-8.57105053597707E-10 , 0.000445555517217144, 0.0952881500124931
-8.44605052563452E-10 , -0.000245360715780407, 0.103997871279716
-8.32105051529197E-10 , 0.000501707720104605, 0.104596018791199
-8.19605050494943E-10 , 0.00119872740469873, 0.112310871481895
-8.07105049460688E-10 , -0.000483397219795734, 0.111163407564163
-7.94605048426433E-10 , -0.0001879878109321, 0.113000564277172
-7.82105047392179E-10 , 9.52146001509391E-05, 0.118908770382404
-7.69605046357924E-10 , -0.000123290708870627, 0.120678797364235
-7.57105045323669E-10 , -0.000447996921138838, 0.122766196727753
-7.44605044289415E-10 , -0.000568846240639687, 0.126281827688217
-7.3210504325516E-10 , -0.000400389602873474, 0.133740320801735
-7.19605042220905E-10 , -0.000270995398750529, 0.132128998637199
-7.07105041186651E-10 , 0.000162353098858148, 0.139483734965324
-6.94605040152396E-10 , -1.95312004507286E-05, 0.138201996684074
-6.82105039118142E-10 , -0.000153808199684136, 0.146655380725861
-6.69605038083887E-10 , 0.00038329980452545, 0.146875098347664
-6.57105037049632E-10 , 0.000985104939900339, 0.149585068225861
-6.44605036015378E-10 , 0.000926511303987354, 0.154199317097664
-6.32105034981123E-10 , 0.000324706197716296, 0.156482040882111
-6.19605033946868E-10 , -0.000656736607197672, 0.16057750582695
-6.07105032912614E-10 , -0.00112426467239857, 0.152612403035164
-5.94605031878359E-10 , 0.000178222209797241, 0.157605081796646
-5.82105086355256E-10 , 0.000877683341968805, 0.161462515592575
-5.69605085321001E-10 , -0.000235595100093633, 0.166699334979057
-5.57105084286746E-10 , 0.000135497699375264, 0.16362926363945
-5.44605083252492E-10 , 0.000155028901644982, 0.162719830870628
-5.32105082218237E-10 , -0.000141601209179498, 0.161444202065468
-5.19605081183983E-10 , -0.000306395697407424, 0.16204234957695
-5.07105080149728E-10 , -0.000241698609897867, 0.161871448159218
-4.94605079115473E-10 , -0.000109863001853228, 0.1589295566082
-4.82105078081219E-10 , 0.000831296725664288, 0.162030145525932
-4.69605077046964E-10 , 0.000590818817727268, 0.156738385558128
-4.57105048257134E-10 , 0.000275878206593916, 0.156579703092575
-4.44605047222879E-10 , 0.000225829498958774, 0.156286731362343
-4.32105046188624E-10 , 0.000396727496990934, 0.154742538928986
-4.1960504515437E-10 , 0.000429686420829967, 0.151013284921646
-4.07105044120115E-10 , 0.000291747302981094, 0.151342883706093
-3.94605043085861E-10 , 0.000444334815256298, 0.148407086730003
-3.82105069807182E-10 , 0.000296630110824481, 0.145245462656021
-3.69605068772927E-10 , 0.000194091306184418, 0.144879251718521
-3.57105067738672E-10 , -0.000461424613604322, 0.140075773000717
-3.44605066704418E-10 , 0.000249022792559117, 0.138598725199699
-3.32105065670163E-10 , 0.000794675725046545, 0.132537931203842
-3.19605064635908E-10 , -0.000262450514128432, 0.130682468414307
-3.07105063601654E-10 , 3.90624009014573E-05, 0.127655118703842
-2.94605062567399E-10 , 0.000468748796265572, 0.127069175243378
-2.82105061533144E-10 , 0.000297850812785327, 0.125860676169395
-2.6960506049889E-10 , -1.34277006509365E-05, 0.117932207882404
-2.57105059464635E-10 , -0.000119628602988087, 0.115728840231895
-2.44605058430381E-10 , -0.000268553994828835, 0.112390212714672
-2.32105057396126E-10 , -0.000612791394814849, 0.10623786598444
-2.19605056361871E-10 , 0.000139159805257805, 0.101391673088074
-2.07105055327617E-10 , 0.000318602717015892, 0.0986145660281181
-1.94605054293362E-10 , 0.000524901028256863, 0.0966004058718681
-1.82105053259107E-10 , -0.00028564379317686, 0.0920960083603859
-1.69605052224853E-10 , 0.000374754919903353, 0.0852051377296448
-1.57105051190598E-10 , 0.00023681580205448, 0.0862732529640198
-1.44605050156343E-10 , -0.000515135412570089, 0.0823425874114037
-1.32105049122089E-10 , 0.000478514411952347, 0.0781799852848053
-1.19605048087834E-10 , -0.000734861416276544, 0.0762085467576981
-1.07105053992473E-10 , -0.000676267838571221, 0.0727661624550819
-9.46050529582187E-11 , 9.64353021117859E-05, 0.0739502459764481
-8.21050519239641E-11 , 0.000490721431560814, 0.0632629841566086
-6.96050508897095E-11 , -0.000754392589442432, 0.0663818791508675
-5.71050533249018E-11 , -0.00105346413329244, 0.0664001926779747
-4.46050522906472E-11 , 0.000733640743419528, 0.0621521435678005
-3.21050512563925E-11 , -0.000279540312476456, 0.0615417920053005
-1.96050519568614E-11 , -0.000108642299892381, 0.0628174245357513
-7.10505092260671E-12 , 0.000817869033198804, 0.0583740621805191
5.39494924428618E-12 , 0.000451658997917548, 0.0580139569938183
1.78949494111791E-11 , -0.00101562240161002, 0.0594177655875683
3.03949504454337E-11 , -0.000277098908554763, 0.054699745029211
4.28949480102414E-11 , 0.000711668108124286, 0.055615272372961
5.5394949044496E-11 , 0.000563963432796299, 0.0555969625711441
6.78949466093037E-11 , 0.000518797489348799, 0.0590210370719433
8.03949476435584E-11 , -0.000438231305452064, 0.0591247975826263
9.2894948677813E-11 , 0.0012170379050076, 0.057934608310461
1.05394949712068E-10 , 5.73729012103286E-05, 0.0571655668318272
1.17894943807428E-10 , 0.000579832529183477, 0.0594299733638763
1.30394944841683E-10 , 0.000274657504633069, 0.0592895932495594
1.42894945875938E-10 , 0.000518797489348799, 0.0608459897339344
1.55394946910192E-10 , 0.000405272410716861, 0.0623718686401844
1.67894947944447E-10 , 6.71384987072088E-05, 0.0655029714107513
1.80394948978702E-10 , -0.000355223717633635, 0.0662170872092247
1.92894950012956E-10 , -0.000479735113913193, 0.0652710422873497
2.05394951047211E-10 , 0.000556639221031219, 0.0681885257363319
2.17894952081465E-10 , -0.000451658997917548, 0.0751038119196892
2.3039495311572E-10 , 0.000478514411952347, 0.0790039598941803
2.42894954149975E-10 , -0.000366210006177425, 0.0778809115290642
2.55394955184229E-10 , 0.000217284599784762, 0.086535707116127
2.67894956218484E-10 , -2.44140010181582E-05, 0.086840882897377
2.80394957252739E-10 , -0.000362547900294885, 0.089984193444252
2.92894958286993E-10 , -9.03317995835096E-05, 0.0905579254031181
3.05394959321248E-10 , 0.000270995398750529, 0.0968933776021004
3.17894960355503E-10 , -4.63866017526016E-05, 0.102978587150574
3.30394961389757E-10 , 0.000297850812785327, 0.102301098406315
3.42894962424012E-10 , 0.000781248032581061, 0.108032301068306
3.55394963458266E-10 , -0.00033080970752053, 0.11154792457819
3.67894964492521E-10 , 0.000201415503397584, 0.113391190767288
3.80394965526776E-10 , -9.39939054660499E-05, 0.117657549679279
3.9289496656103E-10 , 0.000360106496373191, 0.120428547263145
4.05394967595285E-10 , 0.000357665121555328, 0.124426357448101
4.17894940873964E-10 , 0.000378416996682063, 0.128387540578842
4.30394941908219E-10 , 0.000325926899677143, 0.135522559285164
4.42894942942473E-10 , -0.000100097400718369, 0.137518405914307
4.55394943976728E-10 , -4.88280020363163E-05, 0.138702481985092
4.67894945010983E-10 , -1.09863003672217E-05, 0.140997409820557
4.80394946045237E-10 , 8.91111048986204E-05, 0.140643402934074
4.92894947079492E-10 , 0.000216063897823915, 0.141754254698753
5.05394948113747E-10 , 0.000208739700610749, 0.147509872913361
5.17894949148001E-10 , 0.000273436802672222, 0.151879981160164
5.30394950182256E-10 , -8.54490008350695E-06, 0.154303088784218
5.4289495121651E-10 , -0.000505369796883315, 0.154998883605003
5.55394952250765E-10 , -0.000141601209179498, 0.156341657042503
5.6789495328502E-10 , -4.39452014688868E-05, 0.157922476530075
5.80394954319274E-10 , 3.05174999084556E-05, 0.157006949186325
5.92894955353529E-10 , -0.00038696191040799, 0.158715933561325
6.05394956387784E-10 , -0.000704343896359205, 0.162060663104057
6.17894957422038E-10 , 0.000561522028874606, 0.163134872913361
6.30394958456293E-10 , 0.000528563105035573, 0.160522565245628
6.42894959490548E-10 , 0.000336913217324764, 0.160199090838432
6.55394960524802E-10 , -4.272449950804E-05, 0.160492047667503
6.67894961559057E-10 , -0.000321044120937586, 0.160418808460236
6.80394962593311E-10 , 0.000443114113295451, 0.1601502597332
6.92894963627566E-10 , 0.000224608811549842, 0.158105581998825
7.05394964661821E-10 , 0.000305174995446578, 0.155920520424843
7.17894965696075E-10 , 0.000649412395432591, 0.159161493182182
7.3039496673033E-10 , -0.000163573800818995, 0.157061874866486
7.42894967764585E-10 , -2.92967997665983E-05, 0.156378284096718
7.55394968798839E-10 , 0.000369872112059966, 0.153497412800789
7.67894969833094E-10 , 0.00043212779564783, 0.149542331695557
7.80394970867349E-10 , 1.70898001670139E-05, 0.148895367980003
7.92894971901603E-10 , -0.000404051708756015, 0.142443940043449
8.05394972935858E-10 , -0.000225829498958774, 0.140338227152824
8.17894973970112E-10 , -5.85935995331965E-05, 0.139990329742432
8.30394975004367E-10 , 0.000112304405774921, 0.137335300445557
8.42894976038622E-10 , 7.32419994164957E-06, 0.132745459675789
8.55394977072876E-10 , 0.000144042598549277, 0.130145356059074
8.67894978107131E-10 , -0.000129394204122946, 0.124401941895485
8.80394979141386E-10 , 0.000260009110206738, 0.120794758200645
8.9289498017564E-10 , 0.000157470305566676, 0.115362629294395
9.05394981209895E-10 , 0.00014648400247097, 0.113086014986038
9.1789498224415E-10 , -0.000795896397903562, 0.108367994427681
9.30394983278404E-10 , -0.000347899505868554, 0.105584792792797
9.42894984312659E-10 , 0.000611570721957833, 0.102502509951591
9.55394985346913E-10 , -0.00116088567301631, 0.0988342985510826
9.67894986381168E-10 , 0.00147094356361777, 0.0950562208890915
9.80394987415423E-10 , 4.39452014688868E-05, 0.091937318444252
