-9.94605064974508E-10 , -1.34277006509365E-05, 0.152868762612343
-9.82105063940253E-10 , -0.000659178011119366, 0.150695905089378
-9.69605062905998E-10 , -0.000732420012354851, 0.145605564117432
-9.57105061871744E-10 , 0.000354003015672788, 0.140142917633057
-9.44605060837489E-10 , -8.42283043311909E-05, 0.142578229308128
-9.32105059803234E-10 , -0.000697019742801785, 0.133111670613289
-9.1960505876898E-10 , -0.000485838623717427, 0.131457611918449
-9.07105057734725E-10 , 0.000279540312476456, 0.130670249462128
-8.9460505670047E-10 , 1.83105003088713E-05, 0.121789634227753
-8.82105055666216E-10 , -0.000401610304834321, 0.12833870947361
-8.69605054631961E-10 , -0.000253905600402504, 0.123901449143887
-8.57105053597707E-10 , 9.88766987575218E-05, 0.121093831956387
-8.44605052563452E-10 , 0.000114745802420657, 0.114825516939163
-8.32105051529197E-10 , 8.42283043311909E-05, 0.112176589667797
-8.19605050494943E-10 , 0.000156249603605829, 0.108075022697449
-8.07105049460688E-10 , -0.000306395697407424, 0.103326484560966
-7.94605048426433E-10 , -0.000509031931869686, 0.0996643751859665
-7.82105047392179E-10 , 0.000135497699375264, 0.102337718009949
-7.69605046357924E-10 , 0.000585936009883881, 0.0923828780651093
-7.57105045323669E-10 , -0.000949704612139612, 0.0908936187624931
-7.44605044289415E-10 , 0.000347899505868554, 0.0904358550906181
-7.3210504325516E-10 , 0.000887448899447918, 0.0793823823332787
-7.19605042220905E-10 , -0.000504149124026299, 0.0784790590405464
-7.07105041186651E-10 , 0.000516356085427105, 0.0789856463670731
-6.94605040152396E-10 , 0.000510252604726702, 0.0805237367749214
-6.82105039118142E-10 , 0.0001879878109321, 0.0758545473217964
-6.69605038083887E-10 , -9.15525015443563E-05, 0.0787293016910553
-6.57105037049632E-10 , -0.000598143029492348, 0.0749451220035553
-6.44605036015378E-10 , 1.46483998832991E-05, 0.0717346668243408
-6.32105034981123E-10 , 0.000329589005559683, 0.0709839388728142
-6.19605033946868E-10 , -6.22556981397793E-05, 0.0658264607191086
-6.07105032912614E-10 , 5.49315009266138E-05, 0.0633301213383675
-5.94605031878359E-10 , -6.22556981397793E-05, 0.0672913044691086
-5.82105086355256E-10 , -0.000152587497723289, 0.0644897893071175
-5.69605085321001E-10 , 0.000642088241875172, 0.0624695234000683
-5.57105084286746E-10 , 0.000311278505250812, 0.0640320256352425
-5.44605083252492E-10 , 0.000345458101946861, 0.0645691379904747
-5.32105082218237E-10 , 0.000570066913496703, 0.0636597126722336
-5.19605081183983E-10 , 0.000548094336409122, 0.0627380833029747
-5.07105080149728E-10 , 0.00077758589759469, 0.0671448186039925
-4.94605079115473E-10 , 0.000706785300280899, 0.0712891146540642
-4.82105078081219E-10 , 0.00116088567301631, 0.0672058537602425
-4.69605077046964E-10 , 0.000738523493055254, 0.0669983401894569
-4.57105048257134E-10 , 0.000761716801207513, 0.0742310062050819
-4.44605047222879E-10 , 0.000698240415658802, 0.0775513201951981
-4.32105046188624E-10 , 0.000311278505250812, 0.0791199281811714
-4.1960504515437E-10 , 0.00121093448251486, 0.0806274935603142
-4.07105044120115E-10 , -0.00158568937331438, 0.0843079164624214
-3.94605043085861E-10 , -0.00106078828684986, 0.0855835527181625
-3.82105069807182E-10 , -0.000572508317418396, 0.0841675400733948
-3.69605068772927E-10 , -0.000582273933105171, 0.090533509850502
-3.57105067738672E-10 , 7.69040998420678E-05, 0.10134894400835
-3.44605066704418E-10 , -0.000605467241257429, 0.0967652052640915
-3.32105065670163E-10 , -8.05661984486505E-05, 0.100055001676083
-3.19605064635908E-10 , -7.69040998420678E-05, 0.104266427457333
-3.07105063601654E-10 , 0.000124511396279559, 0.109399490058422
-2.94605062567399E-10 , 0.000798337801825255, 0.11228035390377
-2.82105061533144E-10 , 0.000780027301516384, 0.114709548652172
-2.6960506049889E-10 , 7.93455037637614E-05, 0.117340169847012
-2.57105059464635E-10 , -0.000493162835482508, 0.120526202023029
-2.44605058430381E-10 , -0.000469969498226419, 0.123101890087128
-2.32105057396126E-10 , 0.000266112620010972, 0.121429525315762
-2.19605056361871E-10 , 0.000555418489966542, 0.132251068949699
-2.07105055327617E-10 , 0.000828855321742594, 0.132782071828842
-1.94605054293362E-10 , 0.000609129318036139, 0.138415619730949
-1.82105053259107E-10 , 0.00033447181340307, 0.142419531941414
-1.69605052224853E-10 , 0.000130614906083792, 0.140802100300789
-1.57105051190598E-10 , 0.000351561611751094, 0.143682956695557
-1.44605050156343E-10 , 0.000582273933105171, 0.150689795613289
-1.32105049122089E-10 , 0.000238036504015327, 0.147815048694611
-1.19605048087834E-10 , 0.000694578338880092, 0.150152698159218
-1.07105053992473E-10 , -0.000205077609280124, 0.151446640491486
-9.46050529582187E-11 , 0.000339354621246457, 0.152404889464378
-8.21050519239641E-11 , 0.000311278505250812, 0.159283563494682
-6.96050508897095E-11 , -3.05174999084556E-05, 0.159143179655075
-5.71050533249018E-11 , -0.000288085197098553, 0.158557236194611
-4.46050522906472E-11 , 0.000115966504381504, 0.158361926674843
-3.21050512563925E-11 , 0.000137939103296958, 0.1567322909832
-1.96050519568614E-11 , -4.88280011268216E-06, 0.154931753873825
-7.10505092260671E-12 , 0.000218505301745608, 0.16094371676445
5.39494924428618E-12 , 0.000245360715780407, 0.158233746886253
1.78949494111791E-11 , 0.000756833993364125, 0.154126077890396
3.03949504454337E-11 , 2.80761014437303E-05, 0.153717145323753
4.28949480102414E-11 , 0.000557859893888235, 0.154150500893593
5.5394949044496E-11 , 0.000175780805875547, 0.150164902210236
6.78949466093037E-11 , -7.56834051571786E-05, 0.146222025156021
8.03949476435584E-11 , -7.32420012354851E-05, 0.148681744933128
9.2894948677813E-11 , -0.00072509580058977, 0.141699314117432
1.05394949712068E-10 , 4.88280020363163E-05, 0.140185639262199
1.17894943807428E-10 , 0.000455321103800088, 0.140606790781021
1.30394944841683E-10 , 0.000324706197716296, 0.137341409921646
1.42894945875938E-10 , 0.000527342432178557, 0.134649753570557
1.55394946910192E-10 , 0.00105224340222776, 0.131964206695557
1.67894947944447E-10 , 0.000416258699260652, 0.126165851950645
1.80394948978702E-10 , 0.000415037997299805, 0.120983973145485
1.92894950012956E-10 , 0.000604246510192752, 0.11905525624752
2.05394951047211E-10 , 0.000109863001853228, 0.115832597017288
2.17894952081465E-10 , 0.000122069999633823, 0.112139970064163
2.3039495311572E-10 , 5.61522028874606E-05, 0.112139970064163
2.42894954149975E-10 , -0.000104980201285798, 0.109021067619324
2.55394955184229E-10 , -0.000302733620628715, 0.106396555900574
2.67894956218484E-10 , 7.69040998420678E-05, 0.1010437682271
2.80394957252739E-10 , 0.000557859893888235, 0.0974548980593681
2.92894958286993E-10 , 0.000510252604726702, 0.0959473326802254
3.05394959321248E-10 , 0.000449217623099685, 0.0931763350963593
3.17894960355503E-10 , 0.00053710798965767, 0.0888916626572609
3.30394961389757E-10 , 0.000693357607815415, 0.0868775025010109
3.42894962424012E-10 , 0.000853269302751869, 0.0844788178801537
3.55394963458266E-10 , 0.000643308914732188, 0.0779114291071892
3.67894964492521E-10 , 0.000717771588824689, 0.0761047899723053
3.80394965526776E-10 , 0.000540770124644041, 0.0740601122379303
3.9289496656103E-10 , 0.000399168900912628, 0.0738708972930908
4.05394967595285E-10 , 0.000166015204740688, 0.0723633319139481
4.17894940873964E-10 , 0.000355223717633635, 0.0730408206582069
4.30394941908219E-10 , 0.000382079102564603, 0.0718323215842247
4.42894942942473E-10 , 0.000223388109588996, 0.0705078616738319
4.55394943976728E-10 , 0.000356444419594482, 0.0712769031524658
4.67894945010983E-10 , -0.000885007495526224, 0.0685181170701981
4.80394946045237E-10 , 7.44627031963319E-05, 0.0626038014888763
4.92894947079492E-10 , -0.00033813391928561, 0.0659058094024658
5.05394948113747E-10 , -0.000535887316800654, 0.0656677708029747
5.17894949148001E-10 , -0.000500486989039928, 0.0634643957018852
5.30394950182256E-10 , -0.000624998414423317, 0.0659363269805908
5.4289495121651E-10 , 0.00017089799803216, 0.0671448186039925
5.55394952250765E-10 , 0.000250243494519964, 0.0680359378457069
5.6789495328502E-10 , -0.000350340909790248, 0.0689331516623497
5.80394954319274E-10 , -0.000120849304948933, 0.0712952166795731
5.92894955353529E-10 , 0.00019897409947589, 0.0705933123826981
6.05394956387784E-10 , 0.000328368303598836, 0.0740784183144569
6.17894957422038E-10 , 0.000388182612368837, 0.0759888216853142
6.30394958456293E-10 , 0.0005786117981188, 0.0785339921712875
6.42894959490548E-10 , 0.0012768522137776, 0.0808655321598053
6.55394960524802E-10 , -3.66209997082478E-06, 0.0841126069426537
6.67894961559057E-10 , -0.000661619415041059, 0.0868347734212875
6.80394962593311E-10 , 0.000336913217324764, 0.0888428315520287
6.92894963627566E-10 , 0.000661619415041059, 0.0921631455421448
7.05394964661821E-10 , 0.000454100401839241, 0.0942322388291359
7.17894965696075E-10 , 0.000224608811549842, 0.0997009947896004
7.3039496673033E-10 , 0.000340575294103473, 0.10532233864069
7.42894967764585E-10 , 9.88766987575218E-05, 0.109668046236038
7.55394968798839E-10 , -3.66209997082478E-06, 0.109790116548538
7.67894969833094E-10 , -3.66210006177425E-05, 0.112268142402172
7.80394970867349E-10 , -0.000277098908554763, 0.115344315767288
7.92894971901603E-10 , 0.000567625509575009, 0.116510093212128
8.05394972935858E-10 , 0.000624998414423317, 0.121234215795994
8.17894973970112E-10 , -0.000264891918050125, 0.128625571727753
8.30394975004367E-10 , -0.000290526601020247, 0.131164640188217
8.42894976038622E-10 , 0.000235595100093633, 0.128924652934074
8.55394977072876E-10 , 3.78417025785893E-05, 0.135058686137199
8.67894978107131E-10 , 0.000101318102679215, 0.136718839406967
8.80394979141386E-10 , 0.000308837101329118, 0.139404386281967
8.9289498017564E-10 , 0.000587156740948558, 0.140728861093521
9.05394981209895E-10 , 0.000517576816491783, 0.148700058460236
9.1789498224415E-10 , 0.000264891918050125, 0.151373401284218
9.30394983278404E-10 , -0.000151366810314357, 0.150506690144539
9.42894984312659E-10 , -0.000141601209179498, 0.152465924620628
9.55394985346913E-10 , 0.000363768602255732, 0.152856543660164
9.67894986381168E-10 , 0.000495604239404202, 0.153759866952896
9.80394987415423E-10 , 0.00014282189658843, 0.153118997812271
