-9.94605064974508E-10 , 0.000720212992746383, 0.0880493745207787
-9.82105063940253E-10 , 0.00033080970752053, 0.0860291123390198
-9.69605062905998E-10 , -0.000541990797501057, 0.087512269616127
-9.57105061871744E-10 , 0.000711668108124286, 0.0901489853858948
-9.44605060837489E-10 , -3.41796003340278E-05, 0.0887085571885109
-9.32105059803234E-10 , -0.00017089799803216, 0.0873352661728859
-9.1960505876898E-10 , -0.000168456608662382, 0.0913635864853859
-9.07105057734725E-10 , 0.0013366665225476, 0.0988220870494843
-8.9460505670047E-10 , -0.000258788408245891, 0.0997498258948326
-8.82105055666216E-10 , -9.15525015443563E-05, 0.105304025113583
-8.69605054631961E-10 , 0.000408934516599402, 0.109295725822449
-8.57105053597707E-10 , -0.000213622508454137, 0.112835772335529
-8.44605052563452E-10 , 0.000190429200301878, 0.112182691693306
-8.32105051529197E-10 , 0.00072509580058977, 0.112738117575645
-8.19605050494943E-10 , 0.000788572244346142, 0.117761313915253
-8.07105049460688E-10 , -0.0004772937099915, 0.119097985327244
-7.94605048426433E-10 , 0.000322264793794602, 0.11838386952877
-7.82105047392179E-10 , 0.000728757935576141, 0.12418831884861
-7.69605046357924E-10 , 0.000543211528565735, 0.125091642141342
-7.57105045323669E-10 , 0.000927732035052031, 0.119592368602753
-7.44605044289415E-10 , 0.000102538804640062, 0.117181479930878
-7.3210504325516E-10 , -0.000554197817109525, 0.109191969037056
-7.19605042220905E-10 , 0.000294188706902787, 0.106640696525574
-7.07105041186651E-10 , 0.000394286122173071, 0.103698804974556
-6.94605040152396E-10 , 9.64353021117859E-05, 0.101220771670341
-6.82105039118142E-10 , 0.000303954293485731, 0.0964661315083504
-6.69605038083887E-10 , 0.000163573800818995, 0.0952515304088593
-6.57105037049632E-10 , 0.0001879878109321, 0.0912781357765198
-6.44605036015378E-10 , 0.00042846571886912, 0.0904297530651093
-6.32105034981123E-10 , -0.000505369796883315, 0.0897461548447609
-6.19605033946868E-10 , -3.05174999084556E-05, 0.0830200761556625
-6.07105032912614E-10 , 0.000493162835482508, 0.0842773988842964
-5.94605031878359E-10 , -0.000316161313094199, 0.0838318467140198
-5.82105086355256E-10 , 0.000102538804640062, 0.0856201723217964
-5.69605085321001E-10 , -0.000660398742184043, 0.0871277451515198
-5.57105084286746E-10 , -0.000928952707909048, 0.093585267663002
-5.44605083252492E-10 , -0.000211181104532443, 0.0958923995494843
-5.32105082218237E-10 , -8.42283043311909E-05, 0.0972046554088593
-5.19605081183983E-10 , 0.000482176517834887, 0.104974433779716
-5.07105080149728E-10 , 0.00043212779564783, 0.105951003730297
-4.94605079115473E-10 , 0.000646970991510898, 0.106463693082333
-4.82105078081219E-10 , 0.000948483939282596, 0.109643630683422
-4.69605077046964E-10 , -5.12694023200311E-05, 0.11594246327877
-4.57105048257134E-10 , 1.70898001670139E-05, 0.11655281484127
-4.44605047222879E-10 , 0.000223388109588996, 0.118805013597012
-4.32105046188624E-10 , 0, 0.123187340795994
-4.1960504515437E-10 , -2.56347011600155E-05, 0.122381672263145
-4.07105044120115E-10 , -4.15038011851721E-05, 0.121466144919395
-3.94605043085861E-10 , -0.000114745802420657, 0.117022782564163
-3.82105069807182E-10 , -1.09863003672217E-05, 0.119091875851154
-3.69605068772927E-10 , -0.00017089799803216, 0.118634112179279
-3.57105067738672E-10 , 0.000410155218560249, 0.112847976386547
-3.44605066704418E-10 , 0.00033447181340307, 0.107629470527172
-3.32105065670163E-10 , 7.56834051571786E-05, 0.104400709271431
-3.19605064635908E-10 , 0.000380858400603756, 0.10239265114069
-3.07105063601654E-10 , -0.000194091306184418, 0.0971680358052254
-2.94605062567399E-10 , 0.000322264793794602, 0.0936524048447609
-2.82105061533144E-10 , 0.000126952800201252, 0.0905518233776093
-2.6960506049889E-10 , 0.000880124745890498, 0.0888916626572609
-2.57105059464635E-10 , 0.00102782947942615, 0.0881592407822609
-2.44605058430381E-10 , -0.000517576816491783, 0.0886475220322609
-2.32105057396126E-10 , 0.000371092814020813, 0.0897888764739037
-2.19605056361871E-10 , 2.19726007344434E-05, 0.087207093834877
-2.07105055327617E-10 , -0.000369872112059966, 0.0891663208603859
-1.94605054293362E-10 , -0.000361327198334038, 0.0893860459327698
-1.82105053259107E-10 , -0.000151366810314357, 0.0915894210338593
-1.69605052224853E-10 , 0.000291747302981094, 0.0974182784557343
-1.57105051190598E-10 , 0.000440672709373757, 0.0973999723792076
-1.44605050156343E-10 , 0.00015991170948837, 0.102960273623466
-1.32105049122089E-10 , -0.000220946705667302, 0.112493976950645
-1.19605048087834E-10 , 0.000117187199066393, 0.114251784980297
-1.07105053992473E-10 , 0.000137939103296958, 0.108636550605297
-9.46050529582187E-11 , 0.000461424613604322, 0.11936043202877
-8.21050519239641E-11 , 0.00104369851760566, 0.11868904531002
-6.96050508897095E-11 , 0.000162353098858148, 0.118823327124119
-5.71050533249018E-11 , -0.000650633126497269, 0.120715416967869
-4.46050522906472E-11 , 0.000441893411334604, 0.121527180075645
-3.21050512563925E-11 , 0.000280761014437303, 0.120629966259003
-1.96050519568614E-11 , 0.0001745601039147, 0.118194662034512
-7.10505092260671E-12 , -0.00126098317559808, 0.116131670773029
5.39494924428618E-12 , -0.000443114113295451, 0.113836750388145
1.78949494111791E-11 , 0.000445555517217144, 0.11276863515377
3.03949504454337E-11 , -0.000362547900294885, 0.109204173088074
4.28949480102414E-11 , -0.000153808199684136, 0.106036446988583
5.5394949044496E-11 , -0.000517576816491783, 0.101831123232841
6.78949466093037E-11 , -0.000228270902880467, 0.0992493331432343
8.03949476435584E-11 , -0.000561522028874606, 0.0908203721046448
9.2894948677813E-11 , 0.000115966504381504, 0.0904541611671448
1.05394949712068E-10 , 0.000246581417741254, 0.0844299867749214
1.17894943807428E-10 , 0.000225829498958774, 0.0877075791358948
1.30394944841683E-10 , -0.000181884301127866, 0.0875794067978859
1.42894945875938E-10 , 9.15525015443563E-05, 0.0871277451515198
1.55394946910192E-10 , 8.42283043311909E-05, 0.0875244736671448
1.67894947944447E-10 , 0.000511473335791379, 0.0890808701515198
1.80394948978702E-10 , 0.000474852306069806, 0.0949951857328415
1.92894950012956E-10 , -8.30076023703441E-05, 0.0922608077526093
2.05394951047211E-10 , 3.1738200050313E-05, 0.0996765792369843
2.17894952081465E-10 , 7.81248018029146E-05, 0.1018982604146
2.3039495311572E-10 , 5.85935995331965E-05, 0.105053782463074
2.42894954149975E-10 , -0.000362547900294885, 0.106256179511547
2.55394955184229E-10 , 3.78417025785893E-05, 0.111761547625065
2.67894956218484E-10 , 0.000584715337026864, 0.112054519355297
2.80394957252739E-10 , 0.000502928392961621, 0.120990075170994
2.92894958286993E-10 , 0.000638426106888801, 0.122442707419395
3.05394959321248E-10 , 0.000552977086044848, 0.118103109300137
3.17894960355503E-10 , 0.000258788408245891, 0.120898522436619
3.30394961389757E-10 , 0.000117187199066393, 0.119409263134003
3.42894962424012E-10 , -1.70898001670139E-05, 0.117944419384003
3.55394963458266E-10 , 0.00103271217085421, 0.116668783128262
3.67894964492521E-10 , 0.00068359199212864, 0.113665848970413
3.80394965526776E-10 , 0.00110839563421905, 0.109991528093815
3.9289496656103E-10 , 0.000648191722575575, 0.110076978802681
4.05394967595285E-10 , 0.000158691007527523, 0.104998849332333
4.17894940873964E-10 , 0.000280761014437303, 0.104974433779716
4.30394941908219E-10 , 0.000585936009883881, 0.0983948409557343
4.42894942942473E-10 , 0.000242919311858714, 0.0947510451078415
4.55394943976728E-10 , 0.000356444419594482, 0.0898560211062431
4.67894945010983E-10 , 0.000471190200187266, 0.087573304772377
4.80394946045237E-10 , -0.000157470305566676, 0.0883911773562431
4.92894947079492E-10 , 0.000366210006177425, 0.0891052857041359
5.05394948113747E-10 , -0.000201415503397584, 0.0896668061614037
5.17894949148001E-10 , -2.92967997665983E-05, 0.0880860015749931
5.30394950182256E-10 , 0.000223388109588996, 0.0896668061614037
5.4289495121651E-10 , 0.00014282189658843, 0.0881653428077698
5.55394952250765E-10 , -0.000195312008145265, 0.0908447876572609
5.6789495328502E-10 , 8.54489990160801E-05, 0.0929505005478859
5.80394954319274E-10 , -0.000223388109588996, 0.094805970788002
5.92894955353529E-10 , -0.000415037997299805, 0.096453920006752
6.05394956387784E-10 , 4.88280020363163E-05, 0.102398753166199
6.17894957422038E-10 , -0.000288085197098553, 0.108648754656315
6.30394958456293E-10 , 0.0001745601039147, 0.113293536007404
6.42894959490548E-10 , 0.000267333292867988, 0.114392168819904
6.55394960524802E-10 , -0.000462645315565169, 0.117089927196503
6.67894961559057E-10 , -0.00014282189658843, 0.120623864233494
6.80394962593311E-10 , -0.000140380507218651, 0.119616784155369
6.92894963627566E-10 , 0.000531004508957267, 0.119464196264744
7.05394964661821E-10 , 0.00068359199212864, 0.117242515087128
7.17894965696075E-10 , 0.000235595100093633, 0.116803057491779
7.3039496673033E-10 , -0.000197753397515044, 0.117388993501663
7.42894967764585E-10 , -0.000141601209179498, 0.115112386643887
7.55394968798839E-10 , -3.41796003340278E-05, 0.111236646771431
7.67894969833094E-10 , 5.00487003591843E-05, 0.108026199042797
7.80394970867349E-10 , 0.00062743981834501, 0.105310127139091
7.92894971901603E-10 , 0.000246581417741254, 0.102294988930225
8.05394972935858E-10 , 0.00120605167467147, 0.0987000167369843
8.17894973970112E-10 , 0.000443114113295451, 0.0948242843151093
8.30394975004367E-10 , 0.000128173502162099, 0.090899720788002
8.42894976038622E-10 , 0.000242919311858714, 0.0922852158546448
8.55394977072876E-10 , -0.000463866017526016, 0.0892456695437431
8.67894978107131E-10 , 0.000561522028874606, 0.087176576256752
8.80394979141386E-10 , 0.000214843210414983, 0.0878601670265198
8.9289498017564E-10 , -0.00062743981834501, 0.0885254517197609
9.05394981209895E-10 , 0.000411375920521095, 0.0889099761843681
9.1789498224415E-10 , 0.000917966419365257, 0.087390199303627
9.30394983278404E-10 , -1.22070002817054E-06, 0.0878723710775375
9.42894984312659E-10 , -6.22556981397793E-05, 0.095874086022377
9.55394985346913E-10 , 6.34764001006261E-05, 0.103601142764091
9.67894986381168E-10 , -0.000208739700610749, 0.105151437222958
9.80394987415423E-10 , 0.000540770124644041, 0.107659988105297
