-9.94605064974508E-10 , 5.49315009266138E-05, 0.102130196988583
-9.82105063940253E-10 , 0.000412596622481942, 0.108941726386547
-9.69605062905998E-10 , 4.51658997917548E-05, 0.117456138134003
-9.57105061871744E-10 , -0.000421141507104039, 0.119232259690762
-9.44605060837489E-10 , 0.000516356085427105, 0.124121181666851
-9.32105059803234E-10 , 1.46483998832991E-05, 0.125994965434074
-9.1960505876898E-10 , -9.03317995835096E-05, 0.12669076025486
-9.07105057734725E-10 , 0.000153808199684136, 0.12254036962986
-8.9460505670047E-10 , -0.000556639221031219, 0.116082839667797
-8.82105055666216E-10 , -4.51658997917548E-05, 0.116815268993378
-8.69605054631961E-10 , -0.000272216100711375, 0.106585763394833
-8.57105053597707E-10 , -0.00133788725361228, 0.101947091519833
-8.44605052563452E-10 , 0.000302733620628715, 0.0942383483052254
-8.32105051529197E-10 , 0.000247802119702101, 0.0897888764739037
-8.19605050494943E-10 , 0.000920407823286951, 0.0818359926342964
-8.07105049460688E-10 , 0.00121947936713696, 0.0787964388728142
-7.94605048426433E-10 , 0.000603025837335736, 0.0763611346483231
-7.82105047392179E-10 , 0.000737302820198238, 0.0824463441967964
-7.69605046357924E-10 , 0.000904538726899773, 0.0850220322608948
-7.57105045323669E-10 , 0.000469969498226419, 0.0845642685890198
-7.44605044289415E-10 , 0.000419920805143192, 0.0934448912739754
-7.3210504325516E-10 , 0.000401610304834321, 0.0959778502583504
-7.19605042220905E-10 , 0.000147704704431817, 0.103192210197449
-7.07105041186651E-10 , -0.000189208498341031, 0.112567216157913
-6.94605040152396E-10 , 0.000145263300510123, 0.118866048753262
-6.82105039118142E-10 , 0.00052245962433517, 0.119982995092869
-6.69605038083887E-10 , -0.000865476322360337, 0.125634849071503
-6.57105037049632E-10 , -0.000550535740330815, 0.125659272074699
-6.44605036015378E-10 , -0.000467528123408556, 0.124951258301735
-6.32105034981123E-10 , -0.000168456608662382, 0.121301352977753
-6.19605033946868E-10 , 9.88766987575218E-05, 0.115008622407913
-6.07105032912614E-10 , 0.000300292216707021, 0.10947272926569
-5.94605031878359E-10 , -0.000125732098240405, 0.104864574968815
-5.82105086355256E-10 , -0.000677488511428237, 0.0959229171276093
-5.69605085321001E-10 , 8.17869004094973E-05, 0.0883545503020287
-5.57105084286746E-10 , 0.000192870604223572, 0.0825623124837875
-5.44605083252492E-10 , -0.000225829498958774, 0.0793457552790642
-5.32105082218237E-10 , -0.000444334815256298, 0.0776428729295731
-5.19605081183983E-10 , 0.000152587497723289, 0.0781799852848053
-5.07105080149728E-10 , -4.76073000754695E-05, 0.0796814486384392
-4.94605079115473E-10 , 0.000527342432178557, 0.0773438066244125
-4.82105078081219E-10 , 0.000260009110206738, 0.0886170044541359
-4.69605077046964E-10 , -0.000571287586353719, 0.0945374146103859
-4.57105048257134E-10 , -0.000140380507218651, 0.0965882018208504
-4.44605047222879E-10 , 6.83592006680556E-05, 0.10678718239069
-4.32105046188624E-10 , 0.000920407823286951, 0.114440999925137
-4.1960504515437E-10 , -0.00014648400247097, 0.118798911571503
-4.07105044120115E-10 , -0.000255126302363351, 0.124951258301735
-3.94605043085861E-10 , -0.000362547900294885, 0.125659272074699
-3.82105069807182E-10 , -0.000770261744037271, 0.123437583446503
-3.69605068772927E-10 , 0.000729978608433157, 0.12083138525486
-3.57105067738672E-10 , 2.19726007344434E-05, 0.121038898825645
-3.44605066704418E-10 , -0.000744627031963319, 0.112170487642288
-3.32105065670163E-10 , -0.000317382015055045, 0.106262281537056
-3.19605064635908E-10 , 0.000826413917820901, 0.100872874259949
-3.07105063601654E-10 , 0.000120849304948933, 0.0897766724228859
-2.94605062567399E-10 , 9.76560022536432E-06, 0.0858337953686714
-2.82105061533144E-10 , 4.39452014688868E-05, 0.0838684663176537
-2.6960506049889E-10 , 2.68554013018729E-05, 0.0814941972494125
-2.57105059464635E-10 , 0.000181884301127866, 0.0774719789624214
-2.44605058430381E-10 , -0.000734861416276544, 0.0769409686326981
-2.32105057396126E-10 , 0.000637205434031785, 0.0799011811614037
-2.19605056361871E-10 , 0.000343016698025167, 0.0847473740577698
-2.07105055327617E-10 , -0.000302733620628715, 0.0904236435890198
-1.94605054293362E-10 , 0.000262450514128432, 0.0996826887130737
-1.82105053259107E-10 , 0.00107421597931534, 0.103967353701591
-1.69605052224853E-10 , 0.00024047790793702, 0.109460525214672
-1.57105051190598E-10 , 4.272449950804E-05, 0.116339191794395
-1.44605050156343E-10 , 0.000196532710106112, 0.120452962815762
-1.32105049122089E-10 , 0.000339354621246457, 0.12070931494236
-1.19605048087834E-10 , 0.000356444419594482, 0.124060146510601
-1.07105053992473E-10 , -0.000201415503397584, 0.124841392040253
-9.46050529582187E-11 , 0.00048461792175658, 0.122985921800137
-8.21050519239641E-11 , 0.000181884301127866, 0.118676841259003
-6.96050508897095E-11 , -0.000611570721957833, 0.114074781537056
-5.71050533249018E-11 , -0.000335692515363917, 0.107061840593815
-4.46050522906472E-11 , 9.52146001509391E-05, 0.0882629975676537
-3.21050512563925E-11 , 0.000192870604223572, 0.0828247666358948
-1.96050519568614E-11 , 0.000308837101329118, 0.0868836045265198
-7.10505092260671E-12 , -0.000155028901644982, 0.0823608934879303
5.39494924428618E-12 , -0.000136718401336111, 0.0751770511269569
1.78949494111791E-11 , -0.000200194801436737, 0.0778442919254303
3.03949504454337E-11 , -0.000711668108124286, 0.0786926820874214
4.28949480102414E-11 , -8.66697009769268E-05, 0.0814148485660553
5.5394949044496E-11 , 0.000396727496990934, 0.0872498154640198
6.78949466093037E-11 , -0.000567625509575009, 0.0944519713521004
8.03949476435584E-11 , -0.000659178011119366, 0.100518867373466
9.2894948677813E-11 , -0.000332030409481376, 0.107965163886547
1.05394949712068E-10 , -0.000524901028256863, 0.114453203976154
1.17894943807428E-10 , 0.000164794502779841, 0.118469320237637
1.30394944841683E-10 , -0.00028198171639815, 0.126117035746574
1.42894945875938E-10 , -0.000373534217942506, 0.126696869730949
1.55394946910192E-10 , 2.68554013018729E-05, 0.125024497509003
1.67894947944447E-10 , -0.000112304405774921, 0.123541347682476
1.80394948978702E-10 , 0.000229491604841314, 0.12131966650486
1.92894950012956E-10 , 0.000512694008648396, 0.114526443183422
2.05394951047211E-10 , 0.000812986225355417, 0.109271317720413
2.17894952081465E-10 , -0.00096557370852679, 0.103295966982841
2.3039495311572E-10 , -0.000859372841659933, 0.0977844893932343
2.42894954149975E-10 , 0.000197753397515044, 0.0899902954697609
2.55394955184229E-10 , -6.10349998169113E-05, 0.0814819857478142
2.67894956218484E-10 , 3.05174999084556E-05, 0.0827881395816803
2.80394957252739E-10 , 0.000249022792559117, 0.0794678255915642
2.92894958286993E-10 , 0.000371092814020813, 0.0767700746655464
3.05394959321248E-10 , 0.000544432201422751, 0.0794617235660553
3.17894960355503E-10 , 0.00114257517270744, 0.0846130922436714
3.30394961389757E-10 , 9.76560040726326E-05, 0.0928589478135109
3.42894962424012E-10 , 0.000319823418976739, 0.0998535826802254
3.55394963458266E-10 , -0.000260009110206738, 0.104632638394833
3.67894964492521E-10 , -0.000362547900294885, 0.113885574042797
3.80394965526776E-10 , -9.88766987575218E-05, 0.116717606782913
3.9289496656103E-10 , -0.00122680352069438, 0.120056234300137
4.05394967595285E-10 , -0.000637205434031785, 0.121972739696503
4.17894940873964E-10 , -0.000247802119702101, 0.123938076198101
4.30394941908219E-10 , 0.00127929367590696, 0.124176107347012
4.42894942942473E-10 , 0.000565184105653316, 0.121350184082985
4.55394943976728E-10 , -0.000494383508339524, 0.118048176169395
4.67894945010983E-10 , -5.49315009266138E-05, 0.108282543718815
4.80394946045237E-10 , -0.00124511402100325, 0.107049636542797
4.92894947079492E-10 , 8.54489990160801E-05, 0.0968201383948326
5.05394948113747E-10 , -0.000305174995446578, 0.088946595788002
5.17894949148001E-10 , 0.000120849304948933, 0.0859314575791359
5.30394950182256E-10 , 1.22070005090791E-05, 0.0811035707592964
5.4289495121651E-10 , -0.000573728990275413, 0.0754822269082069
5.55394952250765E-10 , 0.000402831006795168, 0.0755554735660553
5.6789495328502E-10 , -6.22556981397793E-05, 0.0802979096770287
5.80394954319274E-10 , -0.000417479401221499, 0.0822083055973053
5.92894955353529E-10 , -0.000257567706285045, 0.0909729599952698
6.05394956387784E-10 , 0.000290526601020247, 0.0927673950791359
6.17894957422038E-10 , 0.00052978383610025, 0.0995239913463593
6.30394958456293E-10 , 0.000657957338262349, 0.109576493501663
6.42894959490548E-10 , 0.000482176517834887, 0.113531574606895
6.55394960524802E-10 , 0.000446776219177991, 0.121154867112637
6.67894961559057E-10 , 0.000585936009883881, 0.12296761572361
6.80394962593311E-10 , 0.00129638344515115, 0.126117035746574
6.92894963627566E-10 , -0.000120849304948933, 0.12626351416111
7.05394964661821E-10 , -0.000660398742184043, 0.120733723044395
7.17894965696075E-10 , -0.000753171916585416, 0.120239339768887
7.3039496673033E-10 , -0.00048461792175658, 0.114447101950645
7.42894967764585E-10 , -0.000318602717015892, 0.105169750750065
7.55394968798839E-10 , -0.000277098908554763, 0.10049445182085
7.67894969833094E-10 , -0.000130614906083792, 0.0902832671999931
7.80394970867349E-10 , -0.000279540312476456, 0.0826477631926537
7.92894971901603E-10 , -0.000172118699993007, 0.0808105990290642
8.05394972935858E-10 , -0.000136718401336111, 0.0806458070874214
8.17894973970112E-10 , 0.000676267838571221, 0.0776794999837875
8.30394975004367E-10 , 0.000440672709373757, 0.0778931230306625
8.42894976038622E-10 , -0.000274657504633069, 0.0825256928801537
8.55394977072876E-10 , -0.000361327198334038, 0.0860230103135109
8.67894978107131E-10 , -2.56347011600155E-05, 0.0909790694713593
8.80394979141386E-10 , 0.000284423120319843, 0.095813050866127
8.9289498017564E-10 , 0.000186767108971253, 0.10281378775835
9.05394981209895E-10 , -0.000478514411952347, 0.109564282000065
9.1789498224415E-10 , 0.000648191722575575, 0.117004476487637
9.30394983278404E-10 , -0.000760496128350496, 0.122503742575645
9.42894984312659E-10 , -0.000761716801207513, 0.126776203513145
9.55394985346913E-10 , -0.00043578990153037, 0.124701015651226
9.67894986381168E-10 , -0.00037963769864291, 0.125006183981895
9.80394987415423E-10 , -0.000317382015055045, 0.122949302196503
