-9.94605064974508E-10 , -3.90624009014573E-05, 0.112024001777172
-9.82105063940253E-10 , -0.000367430708138272, 0.106573559343815
-9.69605062905998E-10 , 7.81248018029146E-05, 0.0955506041646004
-9.57105061871744E-10 , -0.000196532710106112, 0.0885376557707787
-9.44605060837489E-10 , 4.02830992243253E-05, 0.0861145630478859
-9.32105059803234E-10 , -0.000465086719486862, 0.0759094730019569
-9.1960505876898E-10 , 0.000604246510192752, 0.0801025927066803
-9.07105057734725E-10 , 0.000501707720104605, 0.0763916522264481
-8.9460505670047E-10 , -0.000437010603491217, 0.0798157304525375
-8.82105055666216E-10 , 0.000217284599784762, 0.0824646577239037
-8.69605054631961E-10 , -0.000369872112059966, 0.090380921959877
-8.57105053597707E-10 , -0.00043578990153037, 0.0938843414187431
-8.44605052563452E-10 , 0.000278319610515609, 0.101733468472958
-8.32105051529197E-10 , -0.000335692515363917, 0.109100416302681
-8.19605050494943E-10 , 9.76560040726326E-05, 0.116900712251663
-8.07105049460688E-10 , 0.000225829498958774, 0.121325768530369
-7.94605048426433E-10 , 8.30076023703441E-05, 0.121093831956387
-7.82105047392179E-10 , 0.000161132396897301, 0.129223719239235
-7.69605046357924E-10 , 0.000363768602255732, 0.130218595266342
-7.57105045323669E-10 , 0.000274657504633069, 0.126715168356895
-7.44605044289415E-10 , 0.000161132396897301, 0.124078452587128
-7.3210504325516E-10 , 0.000241698609897867, 0.119433678686619
-7.19605042220905E-10 , 0.00062011560657993, 0.111474685370922
-7.07105041186651E-10 , 0.00128905917517841, 0.105804517865181
-6.94605040152396E-10 , 0.000467528123408556, 0.0952210128307343
-6.82105039118142E-10 , 0.000505369796883315, 0.0919922515749931
-6.69605038083887E-10 , 0.0011572235962376, 0.0815491303801537
-6.57105037049632E-10 , 0.000390624016290531, 0.0772034227848053
-6.44605036015378E-10 , 0.000894773111212999, 0.0776611864566803
-6.32105034981123E-10 , 0.000462645315565169, 0.0778626054525375
-6.19605033946868E-10 , 3.66210006177425E-05, 0.0780151933431625
-6.07105032912614E-10 , 0.000401610304834321, 0.086444154381752
-5.94605031878359E-10 , 8.54489990160801E-05, 0.0910339951515198
-5.82105086355256E-10 , 0.000377196294721216, 0.0989258512854576
-5.69605085321001E-10 , 0.000202636205358431, 0.106628492474556
-5.57105084286746E-10 , 0.000325926899677143, 0.111541822552681
-5.44605083252492E-10 , 0.000686033396050334, 0.115857012569904
-5.32105082218237E-10 , 0.000550535740330815, 0.121301352977753
-5.19605081183983E-10 , -0.000345458101946861, 0.12705697119236
-5.07105080149728E-10 , -0.000938718323595822, 0.126165851950645
-4.94605079115473E-10 , -0.000180663599167019, 0.126666352152824
-4.82105078081219E-10 , 8.17869004094973E-05, 0.124029628932476
-4.69605077046964E-10 , 2.31933008763008E-05, 0.127148523926735
-4.57105048257134E-10 , 0.000213622508454137, 0.11978767812252
-4.44605047222879E-10 , -7.20212992746383E-05, 0.107751540839672
-4.32105046188624E-10 , 4.51658997917548E-05, 0.104077219963074
-4.1960504515437E-10 , -1.09863003672217E-05, 0.0971863493323326
-4.07105044120115E-10 , 0.000272216100711375, 0.0833130478858948
-3.94605043085861E-10 , 0.000750730512663722, 0.0799316987395287
-3.82105069807182E-10 , -0.000483397219795734, 0.0781494677066803
-3.69605068772927E-10 , -1.22070005090791E-05, 0.0775085985660553
-3.57105067738672E-10 , 8.54489990160801E-05, 0.0786011293530464
-3.44605066704418E-10 , 0.00011352510045981, 0.0837586000561714
-3.32105065670163E-10 , -0.000148925406392664, 0.0815552324056625
-3.19605064635908E-10 , -0.000319823418976739, 0.0875671952962875
-3.07105063601654E-10 , 5.61522028874606E-05, 0.0965698882937431
-2.94605062567399E-10 , 0.000305174995446578, 0.104364082217216
-2.82105061533144E-10 , 9.88766987575218E-05, 0.109948806464672
-2.6960506049889E-10 , 5.85935995331965E-05, 0.115246661007404
-2.57105059464635E-10 , 0.000958249496761709, 0.122076496481895
-2.44605058430381E-10 , 0.000540770124644041, 0.125872895121574
-2.32105057396126E-10 , 0.000235595100093633, 0.126696869730949
-2.19605056361871E-10 , 0.000189208498341031, 0.12747810781002
-2.07105055327617E-10 , 0.000368651410099119, 0.127856537699699
-1.94605054293362E-10 , 0.00048461792175658, 0.116516195237637
-1.82105053259107E-10 , 0.000496824912261218, 0.12009285390377
-1.69605052224853E-10 , 0.000124511396279559, 0.110516436398029
-1.57105051190598E-10 , 0.000224608811549842, 0.0999573469161987
-1.44605050156343E-10 , 0.000485838623717427, 0.0904907882213593
-1.32105049122089E-10 , 0.000200194801436737, 0.0884522125124931
-1.19605048087834E-10 , 0.000482176517834887, 0.0798584520816803
-1.07105053992473E-10 , 0.000594480894505978, 0.0769165530800819
-9.46050529582187E-11 , -0.000590818817727268, 0.0792481005191803
-8.21050519239641E-11 , -0.000782468705438077, 0.0768005922436714
-6.96050508897095E-11 , 6.59178040223196E-05, 0.0804749056696892
-5.71050533249018E-11 , -3.90624009014573E-05, 0.0858215913176537
-4.46050522906472E-11 , 0.000417479401221499, 0.0922363921999931
-3.21050512563925E-11 , 0.000325926899677143, 0.095477357506752
-1.96050519568614E-11 , 0.000653074530418962, 0.104211494326591
-7.10505092260671E-12 , 0.000128173502162099, 0.115680009126663
5.39494924428618E-12 , 0.000391844718251377, 0.120465166866779
1.78949494111791E-11 , 0.000122069999633823, 0.121838465332985
3.03949504454337E-11 , -0.000310057803289965, 0.124078452587128
4.28949480102414E-11 , 0.000333251111442223, 0.12461556494236
5.5394949044496E-11 , -0.000711668108124286, 0.128332614898682
6.78949466093037E-11 , 0.000673826434649527, 0.128125086426735
8.03949476435584E-11 , 0.000313719909172505, 0.121118247509003
9.2894948677813E-11 , 0.000831296725664288, 0.113006666302681
1.05394949712068E-10 , 0.000709226704202592, 0.108398512005806
1.17894943807428E-10 , 0.000329589005559683, 0.096270814538002
1.30394944841683E-10 , 8.05661984486505E-05, 0.091967836022377
1.42894945875938E-10 , -0.00147948844823986, 0.0874939560890198
1.55394946910192E-10 , 0.000418700103182346, 0.0845947861671448
1.67894947944447E-10 , 0.000659178011119366, 0.0793823823332787
1.80394948978702E-10 , 8.05661984486505E-05, 0.0767639651894569
1.92894950012956E-10 , -0.000415037997299805, 0.0790649950504303
2.05394951047211E-10 , -0.000595701625570655, 0.0803772509098053
2.17894952081465E-10 , -0.00017089799803216, 0.0840393677353859
2.3039495311572E-10 , -0.000415037997299805, 0.0907593369483948
2.42894954149975E-10 , -0.000241698609897867, 0.0995667204260826
2.55394955184229E-10 , -0.000112304405774921, 0.106445387005806
2.67894956218484E-10 , -0.000339354621246457, 0.110003739595413
2.80394957252739E-10 , -0.000369872112059966, 0.117334067821503
2.92894958286993E-10 , 0.000343016698025167, 0.124017417430878
3.05394959321248E-10 , 9.88766987575218E-05, 0.126678556203842
3.17894960355503E-10 , -4.15038011851721E-05, 0.131201267242432
3.30394961389757E-10 , -0.000252684898441657, 0.129278659820557
3.42894962424012E-10 , -0.000795896397903562, 0.12515877187252
3.55394963458266E-10 , -0.00067260570358485, 0.120391927659512
3.67894964492521E-10 , 7.69040998420678E-05, 0.119171224534512
3.80394965526776E-10 , 0.000755613320507109, 0.105621412396431
3.9289496656103E-10 , -0.000205077609280124, 0.0996948927640915
4.05394967595285E-10 , 0.000173339401953854, 0.0922546982765198
4.17894940873964E-10 , 0.000107421605207492, 0.087695375084877
4.30394941908219E-10 , -0.00106200901791453, 0.0861633867025375
4.42894942942473E-10 , -0.00019897409947589, 0.0833313539624214
4.55394943976728E-10 , -0.000401610304834321, 0.0785095766186714
4.67894945010983E-10 , -0.000518797489348799, 0.0765564516186714
4.80394946045237E-10 , -0.000123290708870627, 0.0802246630191803
4.92894947079492E-10 , -9.27732035052031E-05, 0.0831909775733948
5.05394948113747E-10 , 6.71384987072088E-05, 0.0906006470322609
5.17894949148001E-10 , -0.000356444419594482, 0.0974610075354576
5.30394950182256E-10 , -0.000406493112677708, 0.102240063250065
5.4289495121651E-10 , -0.000692136934958398, 0.110717847943306
5.55394952250765E-10 , -0.000305174995446578, 0.122888267040253
5.6789495328502E-10 , 3.90624009014573E-05, 0.124713219702244
5.80394954319274E-10 , -9.03317995835096E-05, 0.124963462352753
5.92894955353529E-10 , 0.000770261744037271, 0.124908529222012
6.05394956387784E-10 , 0.000329589005559683, 0.126184165477753
6.17894957422038E-10 , 0.000257567706285045, 0.124603353440762
6.30394958456293E-10 , 0.000609129318036139, 0.118676841259003
6.42894959490548E-10 , 0.000344237399986014, 0.115319900214672
6.55394960524802E-10 , 0.000241698609897867, 0.108917310833931
6.67894961559057E-10 , -0.000114745802420657, 0.0989319533109665
6.80394962593311E-10 , -0.000109863001853228, 0.0910462066531181
6.92894963627566E-10 , 0.000560301297809929, 0.0839905366301537
7.05394964661821E-10 , -7.56834051571786E-05, 0.0844055786728859
7.17894965696075E-10 , -0.000769041012972593, 0.0797119662165642
7.3039496673033E-10 , -2.56347011600155E-05, 0.0740540027618408
7.42894967764585E-10 , 0.000101318102679215, 0.0771790072321892
7.55394968798839E-10 , -3.90624009014573E-05, 0.0839111879467964
7.67894969833094E-10 , 9.52146001509391E-05, 0.0891785249114037
7.80394970867349E-10 , 0.00015014610835351, 0.0932984054088593
7.92894971901603E-10 , 0.000222167407628149, 0.104010082781315
8.05394972935858E-10 , 7.93455037637614E-05, 0.109021067619324
8.17894973970112E-10 , -0.000246581417741254, 0.117028892040253
8.30394975004367E-10 , 0.00141234998591244, 0.120257653295994
8.42894976038622E-10 , 0.000374754919903353, 0.124633871018887
8.55394977072876E-10 , -0.000834958802442998, 0.128613367676735
8.67894978107131E-10 , 0.000122069999633823, 0.127063080668449
8.80394979141386E-10 , 2.19726007344434E-05, 0.127514734864235
8.9289498017564E-10 , -0.000137939103296958, 0.124530114233494
9.05394981209895E-10 , -0.000186767108971253, 0.12149666249752
9.1789498224415E-10 , 0.00112182332668453, 0.116412431001663
9.30394983278404E-10 , -0.000826413917820901, 0.104022286832333
9.42894984312659E-10 , 2.44140005634108E-06, 0.0983032882213593
9.55394985346913E-10 , 0.000554197817109525, 0.0923157334327698
9.67894986381168E-10 , 0.000106200903246645, 0.0830811113119125
9.80394987415423E-10 , -5.24901006428991E-05, 0.0773560106754303
