-9.94605064974508E-10 , 0.000141601209179498, 0.0775818377733231
-9.82105063940253E-10 , 0.000107421605207492, 0.0730347186326981
-9.69605062905998E-10 , 9.03317995835096E-05, 0.0724365711212158
-9.57105061871744E-10 , 0.000280761014437303, 0.0720032230019569
-9.44605060837489E-10 , -0.000323485495755449, 0.0713501498103142
-9.32105059803234E-10 , 2.92967997665983E-05, 0.0697205066680908
-9.1960505876898E-10 , 0.00023681580205448, 0.0642639622092247
-9.07105057734725E-10 , 0.00028564379317686, 0.0689636692404747
-8.9460505670047E-10 , 0.00109985074959695, 0.0668823719024658
-8.82105055666216E-10 , 0.00102538801729679, 0.0643555149435997
-8.69605054631961E-10 , 0.000104980201285798, 0.0706787630915642
-8.57105053597707E-10 , -0.000303954293485731, 0.0745728015899658
-8.44605052563452E-10 , -6.59178040223196E-05, 0.0752441957592964
-8.32105051529197E-10 , -0.000664060818962753, 0.0810974687337875
-8.19605050494943E-10 , 0.000589598086662591, 0.0872803330421448
-8.07105049460688E-10 , 0.000745847704820335, 0.0870483964681625
-7.94605048426433E-10 , 0.000465086719486862, 0.0898255035281181
-7.82105047392179E-10 , -0.000235595100093633, 0.0974487960338593
-7.69605046357924E-10 , -0.000653074530418962, 0.101361155509949
-7.57105045323669E-10 , 0.000310057803289965, 0.104827955365181
-7.44605044289415E-10 , -0.00029296800494194, 0.112030103802681
-7.3210504325516E-10 , -0.000518797489348799, 0.115588456392288
-7.19605042220905E-10 , -0.000301512918667868, 0.119592368602753
-7.07105041186651E-10 , 0.000162353098858148, 0.13004769384861
-6.94605040152396E-10 , -0.000255126302363351, 0.135253995656967
-6.82105039118142E-10 , -0.000780027301516384, 0.136688321828842
-6.69605038083887E-10 , 5.85935995331965E-05, 0.137933447957039
-6.57105037049632E-10 , 0.000515135412570089, 0.143048197031021
-6.44605036015378E-10 , -2.92967997665983E-05, 0.147448837757111
-6.32105034981123E-10 , -0.000178222209797241, 0.149041846394539
-6.19605033946868E-10 , 0.000169677310623229, 0.152331650257111
-6.07105032912614E-10 , -0.000506590527947992, 0.153149515390396
-5.94605031878359E-10 , -0.000164794502779841, 0.155981555581093
-5.82105086355256E-10 , -0.000502928392961621, 0.155426129698753
-5.69605085321001E-10 , -0.000167235906701535, 0.152356058359146
-5.57105084286746E-10 , 0.000328368303598836, 0.154278665781021
-5.44605083252492E-10 , 0.00037963769864291, 0.154144391417503
-5.32105082218237E-10 , 0.000812986225355417, 0.147924900054932
-5.19605081183983E-10 , -0.000972897920291871, 0.145263776183128
-5.07105080149728E-10 , 7.44627031963319E-05, 0.142840668559074
-4.94605079115473E-10 , 0.000509031931869686, 0.138452246785164
-4.82105078081219E-10 , -0.000559080624952912, 0.135284513235092
-4.69605077046964E-10 , -0.000512694008648396, 0.133911222219467
-4.57105048257134E-10 , 0.000291747302981094, 0.128918543457985
-4.44605047222879E-10 , -1.58691000251565E-05, 0.119128502905369
-4.32105046188624E-10 , 0.000123290708870627, 0.115673907101154
-4.1960504515437E-10 , 0.000491942104417831, 0.108960032463074
-4.07105044120115E-10 , -0.000101318102679215, 0.105407789349556
-3.94605043085861E-10 , 0.000155028901644982, 0.0997498258948326
-3.82105069807182E-10 , 0.000156249603605829, 0.0931214019656181
-3.69605068772927E-10 , -0.000449217623099685, 0.0899658799171448
-3.57105067738672E-10 , -0.0001745601039147, 0.0885986909270287
-3.44605066704418E-10 , -0.000437010603491217, 0.0846924409270287
-3.32105065670163E-10 , -0.000123290708870627, 0.0792664140462875
-3.19605064635908E-10 , 0.000141601209179498, 0.0786072313785553
-3.07105063601654E-10 , -0.00137450825423002, 0.0732056200504303
-2.94605062567399E-10 , 0.000415037997299805, 0.0709839388728142
-2.82105061533144E-10 , 0.000615232798736542, 0.0711853504180908
-2.6960506049889E-10 , -0.000385741208447143, 0.0716125965118408
-2.57105059464635E-10 , 0.000169677310623229, 0.0688171833753586
-2.44605058430381E-10 , -0.000419920805143192, 0.0666138157248497
-2.32105057396126E-10 , -0.000426024314947426, 0.0690857395529747
-2.19605056361871E-10 , -0.000455321103800088, 0.0693542957305908
-2.07105055327617E-10 , -0.000264891918050125, 0.0666870549321175
-1.94605054293362E-10 , 0.000621336337644607, 0.0671081990003586
-1.82105053259107E-10 , -0.00090942153474316, 0.0758789554238319
-1.69605052224853E-10 , -0.000124511396279559, 0.0790405794978142
-1.57105051190598E-10 , -0.00048461792175658, 0.0807678773999214
-1.44605050156343E-10 , -0.000167235906701535, 0.0850220322608948
-1.32105049122089E-10 , 4.15038011851721E-05, 0.0871094316244125
-1.19605048087834E-10 , -0.000178222209797241, 0.0924805328249931
-1.07105053992473E-10 , -6.46971020614728E-05, 0.0969483107328415
-9.46050529582187E-11 , -0.000751951243728399, 0.1031189635396
-8.21050519239641E-11 , -0.000305174995446578, 0.109362870454788
-6.96050508897095E-11 , -3.66209997082478E-06, 0.114263996481895
-5.71050533249018E-11 , -5.73729012103286E-05, 0.118084795773029
-4.46050522906472E-11 , 3.78417025785893E-05, 0.122161947190762
-3.21050512563925E-11 , 0.000397948198951781, 0.129126071929932
-1.96050519568614E-11 , -0.000717771588824689, 0.131774991750717
-7.10505092260671E-12 , -0.000828855321742594, 0.133575528860092
5.39494924428618E-12 , -0.000955808151047677, 0.138775736093521
1.78949494111791E-11 , -8.42283043311909E-05, 0.145819187164307
3.03949504454337E-11 , 0.000279540312476456, 0.150402933359146
4.28949480102414E-11 , -0.000350340909790248, 0.151312366127968
5.5394949044496E-11 , 0.000216063897823915, 0.152252301573753
6.78949466093037E-11 , -5.85935995331965E-05, 0.152063086628914
8.03949476435584E-11 , -0.000948483939282596, 0.153558447957039
9.2894948677813E-11 , 0.000224608811549842, 0.153985694050789
1.05394949712068E-10 , 0.00077392382081598, 0.152703955769539
1.17894943807428E-10 , -0.000284423120319843, 0.154199317097664
1.30394944841683E-10 , -0.00091308361152187, 0.153381451964378
1.42894945875938E-10 , -8.54489990160801E-05, 0.150891214609146
1.55394946910192E-10 , 0.00143066048622131, 0.145105078816414
1.67894947944447E-10 , 0.000927732035052031, 0.140484720468521
1.80394948978702E-10 , -0.000270995398750529, 0.138311862945557
1.92894950012956E-10 , -0.000196532710106112, 0.136547937989235
2.05394951047211E-10 , 0.000339354621246457, 0.130828946828842
2.17894952081465E-10 , -0.000173339401953854, 0.12339486181736
2.3039495311572E-10 , -0.00062011560657993, 0.117511063814163
2.42894954149975E-10 , 0.000407713814638555, 0.115460284054279
2.55394955184229E-10 , 0.000465086719486862, 0.111450269818306
2.67894956218484E-10 , -4.272449950804E-05, 0.102954171597958
2.80394957252739E-10 , -4.51658997917548E-05, 0.0982849821448326
2.92894958286993E-10 , -0.000914304342586547, 0.0966858565807343
3.05394959321248E-10 , 0.000666502222884446, 0.0885132476687431
3.17894960355503E-10 , 0.000585936009883881, 0.0838379487395287
3.30394961389757E-10 , 0.00052245962433517, 0.0831482484936714
3.42894962424012E-10 , 0.0001745601039147, 0.0783081576228142
3.55394963458266E-10 , -0.000976559997070581, 0.0757935121655464
3.67894964492521E-10 , 0.000708006031345576, 0.0737976580858231
3.80394965526776E-10 , 0.00115234078839421, 0.0734741687774658
3.9289496656103E-10 , 0.00053344591287896, 0.0632385686039925
4.05394967595285E-10 , 0.0011364717502147, 0.0673035159707069
4.17894940873964E-10 , -5.85935995331965E-05, 0.0740234851837158
4.30394941908219E-10 , 0.000231933008763008, 0.0670654773712158
4.42894942942473E-10 , 0.000402831006795168, 0.0677429661154747
4.55394943976728E-10 , 0.00048095581587404, 0.0738831087946892
4.67894945010983E-10 , 0.00123412767425179, 0.0682312473654747
4.80394946045237E-10 , 0.000570066913496703, 0.0721924304962158
4.92894947079492E-10 , 0.000653074530418962, 0.0792481005191803
5.05394948113747E-10 , 0.00017089799803216, 0.0815918520092964
5.17894949148001E-10 , 0.000571287586353719, 0.0830750092864037
5.30394950182256E-10 , -0.000384520506486297, 0.0888733491301537
5.4289495121651E-10 , 0.000618894933722913, 0.0921753570437431
5.55394952250765E-10 , -0.000694578338880092, 0.0958191603422165
5.6789495328502E-10 , -0.000429686420829967, 0.105426095426083
5.80394954319274E-10 , -0.000181884301127866, 0.103363111615181
5.92894955353529E-10 , -0.000184325705049559, 0.109301835298538
6.05394956387784E-10 , 0.000690916203893721, 0.112085036933422
6.17894957422038E-10 , -0.000946042535360903, 0.123706139624119
6.30394958456293E-10 , 0.000697019742801785, 0.12717904150486
6.42894959490548E-10 , -4.88280020363163E-05, 0.131506443023682
6.55394960524802E-10 , 0.000166015204740688, 0.136670008301735
6.67894961559057E-10 , -0.000438231305452064, 0.138330176472664
6.80394962593311E-10 , -0.000206298311240971, 0.143835544586182
6.92894963627566E-10 , 0.000322264793794602, 0.145825296640396
7.05394964661821E-10 , 0.000222167407628149, 0.147601425647736
7.17894965696075E-10 , 0.000283202418358997, 0.148779392242432
7.3039496673033E-10 , 0.000467528123408556, 0.151196390390396
7.42894967764585E-10 , 0.000410155218560249, 0.151818946003914
7.55394968798839E-10 , 0.000336913217324764, 0.155774027109146
7.67894969833094E-10 , 0.000273436802672222, 0.157940775156021
7.80394970867349E-10 , -2.19726007344434E-05, 0.156262308359146
7.92894971901603E-10 , -7.32420012354851E-05, 0.154650986194611
8.05394972935858E-10 , -0.000214843210414983, 0.151062116026878
8.17894973970112E-10 , 0.00052978383610025, 0.150769144296646
8.30394975004367E-10 , 0.0003759756218642, 0.145098969340324
8.42894976038622E-10 , -3.66209997082478E-06, 0.140472501516342
8.55394977072876E-10 , -0.000429686420829967, 0.134344577789307
8.67894978107131E-10 , -0.000413817295338959, 0.131549164652824
8.80394979141386E-10 , -0.000245360715780407, 0.130505457520485
8.9289498017564E-10 , -0.000296630110824481, 0.123407065868378
9.05394981209895E-10 , 3.66210006177425E-05, 0.118048176169395
9.1789498224415E-10 , -0.00092406990006566, 0.108929514884949
9.30394983278404E-10 , -0.000444334815256298, 0.107544019818306
9.42894984312659E-10 , 0.000123290708870627, 0.101525947451591
9.55394985346913E-10 , -0.000936276919674128, 0.0961975753307343
9.67894986381168E-10 , -0.00062011560657993, 0.092639222741127
9.80394987415423E-10 , 0.000655515934340656, 0.0868530869483948
