-9.94605064974508E-10 , 0.00038696191040799, 0.141015723347664
-9.82105063940253E-10 , 0.000443114113295451, 0.143188580870628
-9.69605062905998E-10 , 0.000124511396279559, 0.140649512410164
-9.57105061871744E-10 , -0.000277098908554763, 0.139325052499771
-9.44605060837489E-10 , 0.000745847704820335, 0.138543799519539
-9.32105059803234E-10 , -8.91111048986204E-05, 0.137793064117432
-9.1960505876898E-10 , -0.000595701625570655, 0.141735941171646
-9.07105057734725E-10 , 0.000288085197098553, 0.139434903860092
-8.9460505670047E-10 , -0.000344237399986014, 0.136047452688217
-8.82105055666216E-10 , -1.70898001670139E-05, 0.13395394384861
-8.69605054631961E-10 , -0.000659178011119366, 0.132885828614235
-8.57105053597707E-10 , -0.000302733620628715, 0.133471772074699
-8.44605052563452E-10 , 3.66210006177425E-05, 0.135559171438217
-8.32105051529197E-10 , -0.000429686420829967, 0.133630469441414
-8.19605050494943E-10 , 0.000332030409481376, 0.133551120758057
-8.07105049460688E-10 , 0.000253905600402504, 0.135290622711182
-7.94605048426433E-10 , 0.00114135455805808, 0.131805509328842
-7.82105047392179E-10 , 0.00141967413946986, 0.131909266114235
-7.69605046357924E-10 , 0.00066894362680614, 0.133715912699699
-7.57105045323669E-10 , 0.000798337801825255, 0.132867529988289
-7.44605044289415E-10 , -0.000202636205358431, 0.132495209574699
-7.3210504325516E-10 , -0.000222167407628149, 0.130670249462128
-7.19605042220905E-10 , -0.000357665121555328, 0.133496180176735
-7.07105041186651E-10 , -0.000140380507218651, 0.13145150244236
-6.94605040152396E-10 , -0.000135497699375264, 0.127435386180878
-6.82105039118142E-10 , -0.000279540312476456, 0.128790378570557
-6.69605038083887E-10 , -0.000153808199684136, 0.132263273000717
-6.57105037049632E-10 , 0.00019897409947589, 0.12858285009861
-6.44605036015378E-10 , 0.000645750318653882, 0.127673432230949
-6.32105034981123E-10 , 0.000427245016908273, 0.127948090434074
-6.19605033946868E-10 , 0.000576170394197106, 0.12711800634861
-6.07105032912614E-10 , 9.88766987575218E-05, 0.127166837453842
-5.94605031878359E-10 , 0.000419920805143192, 0.125982746481895
-5.82105086355256E-10 , -0.000175780805875547, 0.124755941331387
-5.69605085321001E-10 , -0.000588377413805574, 0.120440758764744
-5.57105084286746E-10 , -0.00011352510045981, 0.124566733837128
-5.44605083252492E-10 , -0.000189208498341031, 0.118072591722012
-5.32105082218237E-10 , 0.000261229812167585, 0.117755204439163
-5.19605081183983E-10 , 0.000295409408863634, 0.125238120555878
-5.07105080149728E-10 , -0.000491942104417831, 0.120611652731895
-4.94605079115473E-10 , -0.000395506795030087, 0.116278156638145
-4.82105078081219E-10 , 0.000318602717015892, 0.120855793356895
-4.69605077046964E-10 , 0.000885007495526224, 0.116424642503262
-4.57105048257134E-10 , -0.000611570721957833, 0.115191727876663
-4.44605047222879E-10 , -0.000242919311858714, 0.117706380784512
-4.32105046188624E-10 , 0.000739744224119931, 0.11612556874752
-4.1960504515437E-10 , -0.000500486989039928, 0.114148028194904
-4.07105044120115E-10 , -0.00033080970752053, 0.111511304974556
-3.94605043085861E-10 , -0.00024047790793702, 0.114563070237637
-3.82105069807182E-10 , -0.000109863001853228, 0.116113357245922
-3.69605068772927E-10 , 0.000107421605207492, 0.115618973970413
-3.57105067738672E-10 , 0.000205077609280124, 0.113391190767288
-3.44605066704418E-10 , 0.000395506795030087, 0.112042315304279
-3.32105065670163E-10 , 0.000583494605962187, 0.10605476051569
-3.19605064635908E-10 , 0.00042846571886912, 0.10776374489069
-3.07105063601654E-10 , 0.000131835608044639, 0.11044929176569
-2.94605062567399E-10 , 0.000556639221031219, 0.109246902167797
-2.82105061533144E-10 , 0.00105346413329244, 0.107708811759949
-2.6960506049889E-10 , 0.000720212992746383, 0.10843513160944
-2.57105059464635E-10 , 0.000745847704820335, 0.10758063942194
-2.44605058430381E-10 , 0.000457762507721782, 0.104046702384949
-2.32105057396126E-10 , 0.000532225240021944, 0.10477302223444
-2.19605056361871E-10 , 0.00034179599606432, 0.10666511207819
-2.07105055327617E-10 , 0.000140380507218651, 0.105493240058422
-1.94605054293362E-10 , 8.30076023703441E-05, 0.100970529019833
-1.82105053259107E-10 , 0.000224608811549842, 0.106127999722958
-1.69605052224853E-10 , 0.000561522028874606, 0.103100657463074
-1.57105051190598E-10 , 0.000155028901644982, 0.101068183779716
-1.44605050156343E-10 , 0.000200194801436737, 0.101031564176083
-1.32105049122089E-10 , -5.24901006428991E-05, 0.100903391838074
-1.19605048087834E-10 , -0.00029296800494194, 0.101013250648975
-1.07105053992473E-10 , -0.000207518998649903, 0.0982971861958504
-9.46050529582187E-11 , 1.46483998832991E-05, 0.101684637367725
-8.21050519239641E-11 , -0.000322264793794602, 0.100274726748466
-6.96050508897095E-11 , -0.000291747302981094, 0.0985840484499931
-5.71050533249018E-11 , 0.000607908586971462, 0.0968140289187431
-4.46050522906472E-11 , 0.000963132304605097, 0.0939575806260109
-3.21050512563925E-11 , 0.000938718323595822, 0.0948120802640915
-1.96050519568614E-11 , 0.00072143372381106, 0.0954712554812431
-7.10505092260671E-12 , 0.000350340909790248, 0.0941467955708504
5.39494924428618E-12 , 0.00014282189658843, 0.0944885909557343
1.78949494111791E-11 , -0.000163573800818995, 0.0935425460338593
3.03949504454337E-11 , -0.000633543299045414, 0.0933838561177254
4.28949480102414E-11 , 0.000371092814020813, 0.0935364440083504
5.5394949044496E-11 , 0.000178222209797241, 0.0924500152468681
6.78949466093037E-11 , 0.000352782313711941, 0.0927673950791359
8.03949476435584E-11 , 0.000455321103800088, 0.0935120284557343
9.2894948677813E-11 , -0.000462645315565169, 0.0911316573619843
1.05394949712068E-10 , 0.000823972513899207, 0.0918091461062431
1.17894943807428E-10 , 0.000184325705049559, 0.0940674468874931
1.30394944841683E-10 , -8.66697009769268E-05, 0.0914673507213593
1.42894945875938E-10 , -0.000153808199684136, 0.0883789658546448
1.55394946910192E-10 , -0.000129394204122946, 0.0900391265749931
1.67894947944447E-10 , -0.000393065420212224, 0.0867310166358948
1.80394948978702E-10 , -0.000561522028874606, 0.0846069902181625
1.92894950012956E-10 , -0.000499266316182911, 0.0846802368760109
2.05394951047211E-10 , -0.000211181104532443, 0.0813416093587875
2.17894952081465E-10 , 9.76560022536432E-06, 0.0860413163900375
2.3039495311572E-10 , 0.00029296800494194, 0.0853027924895287
2.42894954149975E-10 , 0.00034179599606432, 0.087481752038002
2.55394955184229E-10 , 0.00017089799803216, 0.0843079164624214
2.67894956218484E-10 , 0.000133056310005486, 0.0832642167806625
2.80394957252739E-10 , 0.000162353098858148, 0.0797485932707787
2.92894958286993E-10 , 0.00014282189658843, 0.0819763764739037
3.05394959321248E-10 , -2.80761014437303E-05, 0.0854492783546448
3.17894960355503E-10 , 0.000659178011119366, 0.0809509828686714
3.30394961389757E-10 , -0.000218505301745608, 0.0807007402181625
3.42894962424012E-10 , 0.000385741208447143, 0.0797363817691803
3.55394963458266E-10 , -0.000255126302363351, 0.0801270082592964
3.67894964492521E-10 , -0.000358885794412345, 0.0785522982478142
3.80394965526776E-10 , 0.00034179599606432, 0.0785645097494125
3.9289496656103E-10 , -0.000208739700610749, 0.0770142152905464
4.05394967595285E-10 , -4.272449950804E-05, 0.0773376971483231
4.17894940873964E-10 , 0.000664060818962753, 0.0772095248103142
4.30394941908219E-10 , 0.000496824912261218, 0.0751282274723053
4.42894942942473E-10 , 0.000606687914114445, 0.0739807635545731
4.55394943976728E-10 , 0.000826413917820901, 0.0772949755191803
4.67894945010983E-10 , 0.000606687914114445, 0.0752441957592964
4.80394946045237E-10 , 0.000468748796265572, 0.0736939013004303
4.92894947079492E-10 , 5.12694023200311E-05, 0.0753906741738319
5.05394948113747E-10 , 9.27732035052031E-05, 0.0742310062050819
5.17894949148001E-10 , 0.00057494972134009, 0.0714172869920731
5.30394950182256E-10 , 0.000513914739713073, 0.0755005404353142
5.4289495121651E-10 , 0.000417479401221499, 0.0786377489566803
5.55394952250765E-10 , 0.000201415503397584, 0.0675842761993408
5.6789495328502E-10 , -8.05661984486505E-05, 0.0715210437774658
5.80394954319274E-10 , 0.000789792917203158, 0.0741882845759392
5.92894955353529E-10 , -0.000958249496761709, 0.0698608905076981
6.05394956387784E-10 , 0.000705564627423882, 0.0672974064946175
6.17894957422038E-10 , 0.000748289108742028, 0.0697144046425819
6.30394958456293E-10 , -0.000498045585118234, 0.0696533694863319
6.42894959490548E-10 , -0.000551756413187832, 0.0676086917519569
6.55394960524802E-10 , -0.000545652932487428, 0.0687317401170731
6.67894961559057E-10 , 0.000770261744037271, 0.0693420916795731
6.80394962593311E-10 , -0.000419920805143192, 0.0717468783259392
6.92894963627566E-10 , 7.81248018029146E-05, 0.0695923343300819
7.05394964661821E-10 , 0.000328368303598836, 0.0670715793967247
7.17894965696075E-10 , 0.000104980201285798, 0.0640625432133675
7.3039496673033E-10 , 0.000454100401839241, 0.0661438405513763
7.42894967764585E-10 , -0.000177001507836394, 0.0681702122092247
7.55394968798839E-10 , 0.000213622508454137, 0.0624634213745594
7.67894969833094E-10 , 0.000712888839188963, 0.0653931125998497
7.80394970867349E-10 , -0.000291747302981094, 0.0646606907248497
7.92894971901603E-10 , -0.000206298311240971, 0.0646301731467247
8.05394972935858E-10 , 0.000513914739713073, 0.0657104924321175
8.17894973970112E-10 , 0.000644529587589204, 0.0648010671138763
8.30394975004367E-10 , 0.000256347004324198, 0.0651672780513763
8.42894976038622E-10 , 7.20212992746383E-05, 0.0649048313498497
8.55394977072876E-10 , 0.000571287586353719, 0.0654297322034836
8.67894978107131E-10 , 0.000200194801436737, 0.0648010671138763
8.80394979141386E-10 , -0.000262450514128432, 0.0608337819576263
8.9289498017564E-10 , -0.000239257205976173, 0.0639831945300102
9.05394981209895E-10 , -2.80761014437303E-05, 0.0652710422873497
9.1789498224415E-10 , -0.000300292216707021, 0.0635742619633675
9.30394983278404E-10 , -0.000209960402571596, 0.0640503391623497
9.42894984312659E-10 , -9.15525015443563E-05, 0.0633179172873497
9.55394985346913E-10 , -0.000100097400718369, 0.0630676671862602
9.67894986381168E-10 , 0.000225829498958774, 0.0631653293967247
9.80394987415423E-10 , -5.00487003591843E-05, 0.0628845617175102
