-9.94605064974508E-10 , -0.000274657504633069, 0.0894837006926537
-9.82105063940253E-10 , -0.000128173502162099, 0.0943237915635109
-9.69605062905998E-10 , -0.000184325705049559, 0.100805729627609
-9.57105061871744E-10 , 5.00487003591843E-05, 0.107452467083931
-9.44605060837489E-10 , 6.95799026289023E-05, 0.111834794282913
-9.32105059803234E-10 , -0.000217284599784762, 0.113189771771431
-9.1960505876898E-10 , 0.000830075994599611, 0.117218099534512
-9.07105057734725E-10 , 0.000532225240021944, 0.121215902268887
-8.9460505670047E-10 , 0.000839841610286385, 0.123169027268887
-8.82105055666216E-10 , 0.000742185628041625, 0.123382650315762
-8.69605054631961E-10 , 0.000390624016290531, 0.124194420874119
-8.57105053597707E-10 , -0.000611570721957833, 0.122503742575645
-8.44605052563452E-10 , -0.000369872112059966, 0.118090897798538
-8.32105051529197E-10 , 0.000213622508454137, 0.11459968984127
-8.19605050494943E-10 , -0.000124511396279559, 0.108136057853699
-8.07105049460688E-10 , 4.51658997917548E-05, 0.101812817156315
-7.94605048426433E-10 , -0.000311278505250812, 0.094500795006752
-7.82105047392179E-10 , -0.000167235906701535, 0.0904785767197609
-7.69605046357924E-10 , 8.17869004094973E-05, 0.0863709077239037
-7.57105045323669E-10 , 0.000172118699993007, 0.0836792588233948
-7.44605044289415E-10 , -0.000269774696789682, 0.0823425874114037
-7.3210504325516E-10 , 0.000300292216707021, 0.0798279345035553
-7.19605042220905E-10 , 0.000614012125879526, 0.0787293016910553
-7.07105041186651E-10 , -1.46483998832991E-05, 0.0782959535717964
-6.94605040152396E-10 , 0.000401610304834321, 0.0780273973941803
-6.82105039118142E-10 , -0.00104491924867034, 0.0807434618473053
-6.69605038083887E-10 , -0.00109130586497486, 0.0856567993760109
-6.57105037049632E-10 , 0.000499266316182911, 0.0929199829697609
-6.44605036015378E-10 , -0.00015014610835351, 0.102471992373466
-6.32105034981123E-10 , 0.000184325705049559, 0.107965163886547
-6.19605033946868E-10 , 0.000563963432796299, 0.112005695700645
-6.07105032912614E-10 , -0.0010290500940755, 0.116046220064163
-5.94605031878359E-10 , 0.000106200903246645, 0.117523275315762
-5.82105086355256E-10 , 0.000656736607197672, 0.120672687888145
-5.69605085321001E-10 , -4.51658997917548E-05, 0.122210778295994
-5.57105084286746E-10 , -0.000235595100093633, 0.123193442821503
-5.44605083252492E-10 , -0.00042846571886912, 0.124163903295994
-5.32105082218237E-10 , 0.00090942153474316, 0.120623864233494
-5.19605081183983E-10 , 0.000345458101946861, 0.11844490468502
-5.07105080149728E-10 , 0.000109863001853228, 0.116101153194904
-4.94605079115473E-10 , -0.00033813391928561, 0.113183669745922
-4.82105078081219E-10 , -0.000345458101946861, 0.102734446525574
-4.69605077046964E-10 , -0.000206298311240971, 0.0931091979146004
-4.57105048257134E-10 , 7.56834051571786E-05, 0.0885620713233948
-4.44605047222879E-10 , 0.000238036504015327, 0.086718812584877
-4.32105046188624E-10 , -7.44627031963319E-05, 0.0791077166795731
-4.1960504515437E-10 , 0.000189208498341031, 0.0759155824780464
-4.07105044120115E-10 , -0.00110717490315437, 0.0771729052066803
-3.94605043085861E-10 , -0.000141601209179498, 0.0758484378457069
-3.82105069807182E-10 , -0.000217284599784762, 0.0784607455134392
-3.69605068772927E-10 , 0.000612791394814849, 0.0794128999114037
-3.57105067738672E-10 , 0.000670164299663156, 0.0853699296712875
-3.44605066704418E-10 , -2.44140010181582E-05, 0.088183656334877
-3.32105065670163E-10 , 0.000468748796265572, 0.0910645127296448
-3.19605064635908E-10 , -0.000317382015055045, 0.0955445021390915
-3.07105063601654E-10 , 0.000528563105035573, 0.105780102312565
-2.94605062567399E-10 , 0.000166015204740688, 0.109307937324047
-2.82105061533144E-10 , -0.000344237399986014, 0.11423347890377
-2.6960506049889E-10 , -0.000507811200805008, 0.116656571626663
-2.57105059464635E-10 , -0.000347899505868554, 0.121826253831387
-2.44605058430381E-10 , 0.000302733620628715, 0.132910251617432
-2.32105057396126E-10 , 0.00112914748024195, 0.123217858374119
-2.19605056361871E-10 , 0.000241698609897867, 0.120507895946503
-2.07105055327617E-10 , 0.000881345418747514, 0.120135582983494
-1.94605054293362E-10 , 0.0003759756218642, 0.121960535645485
-1.82105053259107E-10 , -0.000465086719486862, 0.114740066230297
-1.69605052224853E-10 , 0.00125854171346873, 0.10733649879694
-1.57105051190598E-10 , -0.000468748796265572, 0.10495612770319
-1.44605050156343E-10 , 5.00487003591843E-05, 0.104260325431824
-1.32105049122089E-10 , 0.000681150588206947, 0.0958313643932343
-1.19605048087834E-10 , 0.000371092814020813, 0.0872437134385109
-1.07105053992473E-10 , 0.000263671216089278, 0.0848145112395287
-9.46050529582187E-11 , 0.000288085197098553, 0.0841919556260109
-8.21050519239641E-11 , -0.000117187199066393, 0.0805725678801537
-6.96050508897095E-11 , 0.000175780805875547, 0.0741211473941803
-5.71050533249018E-11 , 0.000632322626188397, 0.0789124071598053
-4.46050522906472E-11 , 0.000939938996452838, 0.0780884325504303
-3.21050512563925E-11 , -0.000189208498341031, 0.0806519091129303
-1.96050519568614E-11 , -1.46483998832991E-05, 0.0857239365577698
-7.10505092260671E-12 , -0.000393065420212224, 0.0935669615864754
5.39494924428618E-12 , -0.000501707720104605, 0.0985901579260826
1.78949494111791E-11 , 0.000250243494519964, 0.100341863930225
3.03949504454337E-11 , -0.000943601131439209, 0.106890939176083
4.28949480102414E-11 , 0.000634764030110091, 0.114508137106895
5.5394949044496E-11 , -0.000194091306184418, 0.116821371018887
6.78949466093037E-11 , 0.00101806386373937, 0.117840655148029
8.03949476435584E-11 , 0.000145263300510123, 0.120910726487637
9.2894948677813E-11 , -0.000374754919903353, 0.121545493602753
1.05394949712068E-10 , -0.000324706197716296, 0.121887288987637
1.17894943807428E-10 , -0.000667722895741463, 0.126269623637199
1.30394944841683E-10 , 0.000883786822669208, 0.125512778759003
1.42894945875938E-10 , 0.000140380507218651, 0.117108233273029
1.55394946910192E-10 , 0.000561522028874606, 0.109735183417797
1.67894947944447E-10 , 0.000263671216089278, 0.108288645744324
1.80394948978702E-10 , -0.000343016698025167, 0.102307200431824
1.92894950012956E-10 , 0.000339354621246457, 0.0938172042369843
2.05394951047211E-10 , 0.000463866017526016, 0.0882507935166359
2.17894952081465E-10 , 0.000126952800201252, 0.0863281860947609
2.3039495311572E-10 , -0.000183105003088713, 0.0868897065520287
2.42894954149975E-10 , -0.000346678803907707, 0.0832336992025375
2.55394955184229E-10 , -0.000186767108971253, 0.0817566514015198
2.67894956218484E-10 , -0.000109863001853228, 0.0783569887280464
2.80394957252739E-10 , 0.00106567109469324, 0.0809082612395287
2.92894958286993E-10 , -0.000185546407010406, 0.0802795961499214
3.05394959321248E-10 , -0.000643308914732188, 0.0838257446885109
3.17894960355503E-10 , -0.00021240180649329, 0.0906006470322609
3.30394961389757E-10 , -0.000517576816491783, 0.0975098311901093
3.42894962424012E-10 , -0.000152587497723289, 0.102319404482841
3.55394963458266E-10 , -0.0005786117981188, 0.107330396771431
3.67894964492521E-10 , 0.000231933008763008, 0.113116532564163
3.80394965526776E-10 , 0.00011352510045981, 0.116131670773029
3.9289496656103E-10 , 0.000278319610515609, 0.11942146718502
4.05394967595285E-10 , -0.000167235906701535, 0.123199544847012
4.17894940873964E-10 , -0.000560301297809929, 0.126818940043449
4.30394941908219E-10 , 0.000423582911025733, 0.122302331030369
4.42894942942473E-10 , 7.32420012354851E-05, 0.126422211527824
4.55394943976728E-10 , 0.000443114113295451, 0.125128254294395
4.67894945010983E-10 , 0.000568846240639687, 0.11569832265377
4.80394946045237E-10 , 0.000476073008030653, 0.110223464667797
4.92894947079492E-10 , 0.000167235906701535, 0.109198071062565
5.05394948113747E-10 , -1.46483998832991E-05, 0.102124094963074
5.17894949148001E-10 , -0.000290526601020247, 0.0983460173010826
5.30394950182256E-10 , -9.88766987575218E-05, 0.0955567061901093
5.4289495121651E-10 , -0.000800779205746949, 0.0880066528916359
5.55394952250765E-10 , -0.000419920805143192, 0.0811768099665642
5.6789495328502E-10 , 0.000437010603491217, 0.0781616717576981
5.80394954319274E-10 , -0.000272216100711375, 0.0770447328686714
5.92894955353529E-10 , -0.000109863001853228, 0.0783203691244125
6.05394956387784E-10 , 0.00108764367178082, 0.0779724642634392
6.17894957422038E-10 , 0.000329589005559683, 0.0809204652905464
6.30394958456293E-10 , -0.00161376548931003, 0.0840454697608948
6.42894959490548E-10 , 0.000605467241257429, 0.0874451249837875
6.55394960524802E-10 , 0.000949704612139612, 0.095874086022377
6.67894961559057E-10 , 0.000800779205746949, 0.0983093902468681
6.80394962593311E-10 , 0.000748289108742028, 0.105340644717216
6.92894963627566E-10 , 0.000640867510810494, 0.10648200660944
7.05394964661821E-10 , 0.000322264793794602, 0.113140948116779
7.17894965696075E-10 , 0.000471190200187266, 0.120202720165253
7.3039496673033E-10 , 0.00068359199212864, 0.122961513698101
7.42894967764585E-10 , -0.000390624016290531, 0.122924886643887
7.55394968798839E-10 , 0.000280761014437303, 0.124426357448101
7.67894969833094E-10 , 0.000731199339497834, 0.125311359763145
7.80394970867349E-10 , -0.000169677310623229, 0.121649250388145
7.92894971901603E-10 , -0.000958249496761709, 0.119854815304279
8.05394972935858E-10 , 8.05661984486505E-05, 0.115008622407913
8.17894973970112E-10 , -0.000104980201285798, 0.108172684907913
8.30394975004367E-10 , 0.000396727496990934, 0.105334542691708
8.42894976038622E-10 , -0.00063110189512372, 0.0986817106604576
8.55394977072876E-10 , -0.00123534840531647, 0.0889282822608948
8.67894978107131E-10 , 0.000181884301127866, 0.0867249146103859
8.80394979141386E-10 , -0.00102782947942615, 0.0866821855306625
8.9289498017564E-10 , -0.000948483939282596, 0.0800598710775375
9.05394981209895E-10 , -0.000322264793794602, 0.0784485414624214
9.1789498224415E-10 , -7.93455037637614E-05, 0.0767273455858231
9.30394983278404E-10 , -0.00154662691056728, 0.0762268602848053
9.42894984312659E-10 , -1.46483998832991E-05, 0.0793274492025375
9.55394985346913E-10 , -0.000229491604841314, 0.0812622606754303
9.67894986381168E-10 , 0.000156249603605829, 0.0856018662452698
9.80394987415423E-10 , 0.000747068435885012, 0.0909546539187431
