-9.94605064974508E-10 , 0.000584715337026864, 0.111047439277172
-9.82105063940253E-10 , -0.000294188706902787, 0.112689286470413
-9.69605062905998E-10 , -0.000117187199066393, 0.119671709835529
-9.57105061871744E-10 , 0.000915525015443563, 0.121234215795994
-9.44605060837489E-10 , -8.78904029377736E-05, 0.12266243994236
-9.32105059803234E-10 , 0.000740964896976948, 0.12431038916111
-9.1960505876898E-10 , 0.000452879699878395, 0.128411948680878
-9.07105057734725E-10 , 0.000172118699993007, 0.12791146337986
-8.9460505670047E-10 , 0.000153808199684136, 0.133075043559074
-8.82105055666216E-10 , -0.000229491604841314, 0.139264017343521
-8.69605054631961E-10 , -0.000244139999267645, 0.145117282867432
-8.57105053597707E-10 , -0.000228270902880467, 0.145813092589378
-8.44605052563452E-10 , -0.000288085197098553, 0.150232031941414
-8.32105051529197E-10 , -0.000333251111442223, 0.153881937265396
-8.19605050494943E-10 , -4.63866017526016E-05, 0.153369247913361
-8.07105049460688E-10 , -0.000306395697407424, 0.154309183359146
-7.94605048426433E-10 , -0.000930173438973725, 0.15520641207695
-7.82105047392179E-10 , 0.000446776219177991, 0.159515485167503
-7.69605046357924E-10 , 0.00034179599606432, 0.16345226764679
-7.57105045323669E-10 , 7.32419994164957E-06, 0.164495959877968
-7.44605044289415E-10 , -0.000490721431560814, 0.162829697132111
-7.3210504325516E-10 , -0.000964353035669774, 0.163244739174843
-7.19605042220905E-10 , -0.00132201809901744, 0.163031116127968
-7.07105041186651E-10 , -0.00161132402718067, 0.163427844643593
-6.94605040152396E-10 , 0.000172118699993007, 0.161480829119682
-6.82105039118142E-10 , 0.000551756413187832, 0.161023065447807
-6.69605038083887E-10 , 0.000872800534125417, 0.162005722522736
-6.57105037049632E-10 , 0.000406493112677708, 0.161456406116486
-6.44605036015378E-10 , -0.000886228226590902, 0.16069957613945
-6.32105034981123E-10 , -0.000131835608044639, 0.158392444252968
-6.19605033946868E-10 , 0.000423582911025733, 0.157293811440468
-6.07105032912614E-10 , 4.02830992243253E-05, 0.148651227355003
-5.94605031878359E-10 , -0.000512694008648396, 0.149194434285164
-5.82105086355256E-10 , -0.000446776219177991, 0.148492529988289
-5.69605085321001E-10 , 0.000872800534125417, 0.140539646148682
-5.57105084286746E-10 , 0.000266112620010972, 0.141552835702896
-5.44605083252492E-10 , 0.000219726003706455, 0.140149027109146
-5.32105082218237E-10 , -9.15525015443563E-05, 0.136004731059074
-5.19605081183983E-10 , -0.000784910109359771, 0.133545011281967
-5.07105080149728E-10 , 0.000217284599784762, 0.131305024027824
-4.94605079115473E-10 , 0.000600584433414042, 0.127899259328842
-4.82105078081219E-10 , 0.000795896397903562, 0.126287922263145
-4.69605077046964E-10 , 0.000122069999633823, 0.122070394456387
-4.57105048257134E-10 , -0.000181884301127866, 0.121777430176735
-4.44605047222879E-10 , 0.000291747302981094, 0.116705402731895
-4.32105046188624E-10 , 0.000463866017526016, 0.106134109199047
-4.1960504515437E-10 , 0.00109374721068889, 0.105792306363583
-4.07105044120115E-10 , 6.10350025453954E-06, 0.104089424014091
-3.94605043085861E-10 , 0.000112304405774921, 0.0990540236234665
-3.82105069807182E-10 , 0.000299071514746174, 0.0947205275297165
-3.69605068772927E-10 , 0.000469969498226419, 0.0977234542369843
-3.57105067738672E-10 , 0.000891111034434289, 0.0956543609499931
-3.44605066704418E-10 , -0.00011352510045981, 0.0880737900733948
-3.32105065670163E-10 , 6.71384987072088E-05, 0.0850586518645287
-3.19605064635908E-10 , -0.000242919311858714, 0.0804932191967964
-3.07105063601654E-10 , -0.000101318102679215, 0.0768188983201981
-2.94605062567399E-10 , 0.000214843210414983, 0.0766602084040642
-2.82105061533144E-10 , 0.00011840790102724, 0.0751099139451981
-2.6960506049889E-10 , -4.15038011851721E-05, 0.0718323215842247
-2.57105059464635E-10 , 0.000130614906083792, 0.0726196765899658
-2.44605058430381E-10 , -1.95312004507286E-05, 0.0696655735373497
-2.32105057396126E-10 , 0.000234374398132786, 0.0670410618185997
-2.19605056361871E-10 , 8.54489990160801E-05, 0.0687927752733231
-2.07105055327617E-10 , 0.000362547900294885, 0.0680969730019569
-1.94605054293362E-10 , 0.000404051708756015, 0.0653259754180908
-1.82105053259107E-10 , 0.00021240180649329, 0.0663147419691086
-1.69605052224853E-10 , 0.000283202418358997, 0.0658874958753586
-1.57105051190598E-10 , 0.000264891918050125, 0.0642151311039925
-1.44605050156343E-10 , 0.000151366810314357, 0.0653686970472336
-1.32105049122089E-10 , -0.000335692515363917, 0.0648010671138763
-1.19605048087834E-10 , 8.78904029377736E-05, 0.0652222111821175
-1.07105053992473E-10 , -0.000356444419594482, 0.0640686452388763
-9.46050529582187E-11 , 0.000438231305452064, 0.0643494129180908
-8.21050519239641E-11 , 9.52146001509391E-05, 0.0660767033696175
-6.96050508897095E-11 , -0.000307616399368271, 0.0684631839394569
-5.71050533249018E-11 , -0.000509031931869686, 0.0689026340842247
-4.46050522906472E-11 , -0.000490721431560814, 0.0707092806696892
-3.21050512563925E-11 , 2.68554013018729E-05, 0.0728149935603142
-1.96050519568614E-11 , -0.000151366810314357, 0.0766174867749214
-7.10505092260671E-12 , -0.000394286122173071, 0.0762146487832069
5.39494924428618E-12 , -8.17869004094973E-05, 0.0775635316967964
1.78949494111791E-11 , -0.000360106496373191, 0.0856445878744125
3.03949504454337E-11 , -0.000814206898212433, 0.0875183716416359
4.28949480102414E-11 , 0.000858152110595256, 0.090411439538002
5.5394949044496E-11 , -0.000153808199684136, 0.0923157334327698
6.78949466093037E-11 , 0.000460203911643475, 0.0971741378307343
8.03949476435584E-11 , 0.000366210006177425, 0.10117194801569
9.2894948677813E-11 , -0.000559080624952912, 0.10770270973444
1.05394949712068E-10 , 0.000122069999633823, 0.108819656074047
1.17894943807428E-10 , 0.000256347004324198, 0.111163407564163
1.30394944841683E-10 , 0.000603025837335736, 0.11258552968502
1.42894945875938E-10 , 0.000469969498226419, 0.115972980856895
1.55394946910192E-10 , 9.27732035052031E-05, 0.120794758200645
1.67894947944447E-10 , 2.44140005634108E-06, 0.123559653759003
1.80394948978702E-10 , 0.000261229812167585, 0.126654133200645
1.92894950012956E-10 , 0.000299071514746174, 0.132830902934074
2.05394951047211E-10 , 0.00043212779564783, 0.130664154887199
2.17894952081465E-10 , -0.000556639221031219, 0.137378022074699
2.3039495311572E-10 , 0.000247802119702101, 0.141638278961182
2.42894954149975E-10 , -0.00033447181340307, 0.141937360167503
2.55394955184229E-10 , -0.000839841610286385, 0.145965680480003
2.67894956218484E-10 , 0.000206298311240971, 0.144232273101807
2.80394957252739E-10 , -0.000874021206982434, 0.148742780089378
2.92894958286993E-10 , 0.00076293753227219, 0.151104837656021
3.05394959321248E-10 , 0.000626219087280333, 0.151165872812271
3.17894960355503E-10 , 0.00085693143773824, 0.153253272175789
3.30394961389757E-10 , 0.00106933317147195, 0.158142194151878
3.42894962424012E-10 , 0.000667722895741463, 0.158264264464378
3.55394963458266E-10 , 0.00033813391928561, 0.162683218717575
3.67894964492521E-10 , -0.000270995398750529, 0.164190784096718
3.80394965526776E-10 , -0.000145263300510123, 0.162671014666557
3.9289496656103E-10 , 0.00028564379317686, 0.162182733416557
4.05394967595285E-10 , 9.15525015443563E-05, 0.162420764565468
4.17894940873964E-10 , 9.03317995835096E-05, 0.159912213683128
4.30394941908219E-10 , -0.000556639221031219, 0.161706656217575
4.42894942942473E-10 , -0.000817869033198804, 0.164068713784218
4.55394943976728E-10 , 0.000205077609280124, 0.156237900257111
4.67894945010983E-10 , -0.00029296800494194, 0.158007919788361
4.80394946045237E-10 , -0.000892331707291305, 0.159271344542503
4.92894947079492E-10 , 8.66697009769268E-05, 0.153265491127968
5.05394948113747E-10 , 0.000771482416894287, 0.153540149331093
5.17894949148001E-10 , 2.19726007344434E-05, 0.155566513538361
5.30394950182256E-10 , -0.000311278505250812, 0.149023532867432
5.4289495121651E-10 , -0.000391844718251377, 0.150097757577896
5.55394952250765E-10 , -0.000624998414423317, 0.148327738046646
5.6789495328502E-10 , 3.66209997082478E-06, 0.143817231059074
5.80394954319274E-10 , 0.000378416996682063, 0.140222266316414
5.92894955353529E-10 , 0.000220946705667302, 0.138250827789307
6.05394956387784E-10 , 0.0001745601039147, 0.131408780813217
6.17894957422038E-10 , -0.000145263300510123, 0.126855552196503
6.30394958456293E-10 , -0.000155028901644982, 0.12626351416111
6.42894959490548E-10 , -0.00053344591287896, 0.120471276342869
6.55394960524802E-10 , -0.000357665121555328, 0.118225179612637
6.67894961559057E-10 , 0.000416258699260652, 0.11362312734127
6.80394962593311E-10 , 0.000806882744655013, 0.111065752804279
6.92894963627566E-10 , 0.000441893411334604, 0.111212231218815
7.05394964661821E-10 , 0.000177001507836394, 0.106561355292797
7.17894965696075E-10 , -2.31933008763008E-05, 0.102179028093815
7.3039496673033E-10 , -0.000122069999633823, 0.0998108610510826
7.42894967764585E-10 , -0.000111083703814074, 0.0966797545552254
7.55394968798839E-10 , 0.000284423120319843, 0.091632142663002
7.67894969833094E-10 , 0.00102294667158276, 0.088519349694252
7.80394970867349E-10 , -0.000133056310005486, 0.0871338471770287
7.92894971901603E-10 , -0.00033813391928561, 0.0788452699780464
8.05394972935858E-10 , -0.000308837101329118, 0.0773376971483231
8.17894973970112E-10 , 0.000151366810314357, 0.0817383378744125
8.30394975004367E-10 , 0.000172118699993007, 0.0779663622379303
8.42894976038622E-10 , 0.000115966504381504, 0.0733398944139481
8.55394977072876E-10 , 0.000175780805875547, 0.0742859393358231
8.67894978107131E-10 , -0.000468748796265572, 0.0754517093300819
8.80394979141386E-10 , -0.000278319610515609, 0.0684875994920731
8.9289498017564E-10 , -0.000346678803907707, 0.0662415027618408
9.05394981209895E-10 , 0.0002893058990594, 0.0612122006714344
9.1789498224415E-10 , -5.37108026037458E-05, 0.0610413029789925
9.30394983278404E-10 , -0.00052245962433517, 0.0624573193490505
9.42894984312659E-10 , -3.54003022948746E-05, 0.0620911084115505
9.55394985346913E-10 , 0.000600584433414042, 0.0608459897339344
9.67894986381168E-10 , -5.73729012103286E-05, 0.0622925236821175
9.80394987415423E-10 , -0.000852048629894853, 0.0661377385258675
