-9.94605064974508E-10 , 0.000859372841659933, 0.0898071900010109
-9.82105063940253E-10 , 0.000881345418747514, 0.0955139845609665
-9.69605062905998E-10 , 0.000119628602988087, 0.0973755568265915
-9.57105061871744E-10 , -0.000456541805760935, 0.105682447552681
-9.44605060837489E-10 , -0.00033813391928561, 0.111822582781315
-9.32105059803234E-10 , 0.000231933008763008, 0.115380935370922
-9.1960505876898E-10 , -0.000538328720722348, 0.11972664296627
-9.07105057734725E-10 , -0.000671385030727834, 0.121759116649628
-8.9460505670047E-10 , -0.000179442897206172, 0.129724204540253
-8.82105055666216E-10 , -0.000975339324213564, 0.135046482086182
-8.69605054631961E-10 , 0.00015014610835351, 0.134332373738289
-8.57105053597707E-10 , -0.00100219470914453, 0.138690277934074
-8.44605052563452E-10 , -0.00134643213823438, 0.147619724273682
-8.32105051529197E-10 , 0.000947263208217919, 0.150366321206093
-8.19605050494943E-10 , 0.000437010603491217, 0.150744736194611
-8.07105049460688E-10 , 0.000605467241257429, 0.151330664753914
-7.94605048426433E-10 , -0.00071044743526727, 0.151037707924843
-7.82105047392179E-10 , -0.000515135412570089, 0.148687839508057
-7.69605046357924E-10 , 0.000130614906083792, 0.149585068225861
-7.57105045323669E-10 , -6.71384987072088E-05, 0.151666358113289
-7.44605044289415E-10 , 0.000694578338880092, 0.150659278035164
-7.3210504325516E-10 , 0.00101073959376663, 0.147522076964378
-7.19605042220905E-10 , -0.000444334815256298, 0.146576032042503
-7.07105041186651E-10 , 0.000521238893270493, 0.134680271148682
-6.94605040152396E-10 , 0.000964353035669774, 0.133758634328842
-6.82105039118142E-10 , -0.000253905600402504, 0.137738138437271
-6.69605038083887E-10 , 0.000218505301745608, 0.131005942821503
-6.57105037049632E-10 , -6.71384987072088E-05, 0.124285973608494
-6.44605036015378E-10 , 0.000677488511428237, 0.119207844138145
-6.32105034981123E-10 , -0.000190429200301878, 0.117334067821503
-6.19605033946868E-10 , 0.000250243494519964, 0.111773759126663
-6.07105032912614E-10 , 0.000491942104417831, 0.102600164711475
-5.94605031878359E-10 , -5.37108026037458E-05, 0.0985901579260826
-5.82105086355256E-10 , 0.000206298311240971, 0.0979370772838593
-5.69605085321001E-10 , 0.000275878206593916, 0.0904846787452698
-5.57105084286746E-10 , -0.000235595100093633, 0.0875061601400375
-5.44605083252492E-10 , -7.08006045897491E-05, 0.0829712450504303
-5.32105082218237E-10 , 6.71384987072088E-05, 0.0760742723941803
-5.19605081183983E-10 , -0.000788572244346142, 0.0741882845759392
-5.07105080149728E-10 , -9.88766987575218E-05, 0.0741211473941803
-4.94605079115473E-10 , 0.000362547900294885, 0.0722351595759392
-4.82105078081219E-10 , -6.71384987072088E-05, 0.0672363713383675
-4.69605077046964E-10 , -0.000114745802420657, 0.0672607868909836
-4.57105048257134E-10 , -0.000135497699375264, 0.0666382312774658
-4.44605047222879E-10 , -0.000128173502162099, 0.0623291432857513
-4.32105046188624E-10 , 0.000294188706902787, 0.0634155720472336
-4.1960504515437E-10 , 0.000233153710723855, 0.0631531178951263
-4.07105044120115E-10 , -5.61522028874606E-05, 0.0663086399435997
-3.94605043085861E-10 , -5.61522028874606E-05, 0.0631836354732513
-3.82105069807182E-10 , 6.34764001006261E-05, 0.0651001408696175
-3.69605068772927E-10 , -0.000185546407010406, 0.0729675814509392
-3.57105067738672E-10 , -0.000278319610515609, 0.0765442401170731
-3.44605066704418E-10 , -0.000234374398132786, 0.0815918520092964
-3.32105065670163E-10 , -0.000209960402571596, 0.0804688036441803
-3.19605064635908E-10 , -0.000202636205358431, 0.087573304772377
-3.07105063601654E-10 , -0.000220946705667302, 0.0893616303801537
-2.94605062567399E-10 , 1.22070005090791E-05, 0.0936096832156181
-2.82105061533144E-10 , 0.000590818817727268, 0.102673411369324
-2.6960506049889E-10 , -0.000405272410716861, 0.105804517865181
-2.57105059464635E-10 , -0.000801999936811626, 0.105664134025574
-2.44605058430381E-10 , -0.000834958802442998, 0.115985184907913
-2.32105057396126E-10 , -0.000657957338262349, 0.123138509690762
-2.19605056361871E-10 , -0.000197753397515044, 0.126635834574699
-2.07105055327617E-10 , -0.000173339401953854, 0.129168793559074
-1.94605054293362E-10 , 0.000130614906083792, 0.135559171438217
-1.82105053259107E-10 , -0.000131835608044639, 0.140734955668449
-1.69605052224853E-10 , -7.08006045897491E-05, 0.139227390289307
-1.57105051190598E-10 , 0.000538328720722348, 0.143798932433128
-1.44605050156343E-10 , 0.00037963769864291, 0.148199558258057
-1.32105049122089E-10 , -4.02830992243253E-05, 0.150000095367432
-1.19605048087834E-10 , 1.09863003672217E-05, 0.149694919586182
-1.07105053992473E-10 , 0.000389403314329684, 0.148852646350861
-9.46050529582187E-11 , 0.000576170394197106, 0.151440531015396
-8.21050519239641E-11 , 0.000457762507721782, 0.153039649128914
-6.96050508897095E-11 , 0.000367430708138272, 0.151202499866486
-5.71050533249018E-11 , 0.000192870604223572, 0.150018408894539
-4.46050522906472E-11 , -0.000487059325678274, 0.149731546640396
-3.21050512563925E-11 , -0.00103149155620486, 0.147113144397736
-1.96050519568614E-11 , 9.39939054660499E-05, 0.142053321003914
-7.10505092260671E-12 , -0.000380858400603756, 0.137970060110092
5.39494924428618E-12 , -0.000563963432796299, 0.131091400980949
1.78949494111791E-11 , -0.000444334815256298, 0.129889011383057
3.03949504454337E-11 , -0.000417479401221499, 0.123022548854351
4.28949480102414E-11 , -0.000107421605207492, 0.118768393993378
5.5394949044496E-11 , -0.000163573800818995, 0.112548902630806
6.78949466093037E-11 , -0.000333251111442223, 0.105658032000065
8.03949476435584E-11 , 3.29589020111598E-05, 0.10269782692194
9.2894948677813E-11 , 4.76073000754695E-05, 0.0984436720609665
1.05394949712068E-10 , 0.000311278505250812, 0.0935486480593681
1.17894943807428E-10 , 0.000861814245581627, 0.0858887284994125
1.30394944841683E-10 , -0.000727537204511464, 0.087756410241127
1.42894945875938E-10 , 0.000156249603605829, 0.0840088501572609
1.55394946910192E-10 , -0.000290526601020247, 0.0804504975676537
1.67894947944447E-10 , 0.000185546407010406, 0.0758850648999214
1.80394948978702E-10 , 0.000734861416276544, 0.0695435032248497
1.92894950012956E-10 , 0.000225829498958774, 0.0684448704123497
2.05394951047211E-10 , 0.000157470305566676, 0.0618164502084255
2.17894952081465E-10 , 0.00085693143773824, 0.0642151311039925
2.3039495311572E-10 , 0.000603025837335736, 0.0643249973654747
2.42894954149975E-10 , 0.00028198171639815, 0.0653320774435997
2.55394955184229E-10 , 0.00011840790102724, 0.0648376941680908
2.67894956218484E-10 , -0.0006237777415663, 0.0629455968737602
2.80394957252739E-10 , 0.000234374398132786, 0.0657288059592247
2.92894958286993E-10 , 0.000218505301745608, 0.0650452077388763
3.05394959321248E-10 , 0.000592039490584284, 0.0749573260545731
3.17894960355503E-10 , -6.22556981397793E-05, 0.0755249559879303
3.30394961389757E-10 , 0.000246581417741254, 0.0790222734212875
3.42894962424012E-10 , 0.000841062341351062, 0.0782898515462875
3.55394963458266E-10 , -0.000322264793794602, 0.0875794067978859
3.67894964492521E-10 , 0.000487059325678274, 0.0927429869771004
3.80394965526776E-10 , 0.000251464196480811, 0.093981996178627
3.9289496656103E-10 , 4.76073000754695E-05, 0.101617500185966
4.05394967595285E-10 , 2.0751900592586E-05, 0.104974433779716
4.17894940873964E-10 , -0.000350340909790248, 0.112396314740181
4.30394941908219E-10 , -0.000354003015672788, 0.114331133663654
4.42894942942473E-10 , -0.000732420012354851, 0.119183428585529
4.55394943976728E-10 , -0.000260009110206738, 0.121429525315762
4.67894945010983E-10 , 0.00023681580205448, 0.127673432230949
4.80394946045237E-10 , -0.000382079102564603, 0.130731284618378
4.92894947079492E-10 , -0.000689695531036705, 0.136535733938217
5.05394948113747E-10 , 0.000163573800818995, 0.137280374765396
5.17894949148001E-10 , -0.000433348497608677, 0.140936374664307
5.30394950182256E-10 , -0.000626219087280333, 0.146588236093521
5.4289495121651E-10 , 0.00033813391928561, 0.146606549620628
5.55394952250765E-10 , 0.000377196294721216, 0.152154639363289
5.6789495328502E-10 , 0.000838620937429369, 0.153558447957039
5.80394954319274E-10 , 0.000168456608662382, 0.152990832924843
5.92894955353529E-10 , 9.03317995835096E-05, 0.152606308460236
6.05394956387784E-10 , 0.000788572244346142, 0.152502551674843
6.17894957422038E-10 , 0.000228270902880467, 0.151147559285164
6.30394958456293E-10 , 0.000308837101329118, 0.149792581796646
6.42894959490548E-10 , -0.000277098908554763, 0.146887302398682
6.55394960524802E-10 , -0.000516356085427105, 0.143103122711182
6.67894961559057E-10 , -0.000474852306069806, 0.138610929250717
6.80394962593311E-10 , -0.000209960402571596, 0.135369971394539
6.92894963627566E-10 , -5.49315009266138E-05, 0.133032321929932
7.05394964661821E-10 , -0.000340575294103473, 0.12949837744236
7.17894965696075E-10 , -0.000572508317418396, 0.125451743602753
7.3039496673033E-10 , -0.000362547900294885, 0.120245441794395
7.42894967764585E-10 , -0.000202636205358431, 0.112902909517288
7.55394968798839E-10 , 2.0751900592586E-05, 0.107464671134949
7.67894969833094E-10 , 0.000445555517217144, 0.102801583707333
7.80394970867349E-10 , 0.000444334815256298, 0.0962769240140915
7.92894971901603E-10 , -0.000295409408863634, 0.0925965011119843
8.05394972935858E-10 , -0.00112914748024195, 0.0845825746655464
8.17894973970112E-10 , -0.000617674202658236, 0.0857178345322609
8.30394975004367E-10 , -0.0013366665225476, 0.0826294496655464
8.42894976038622E-10 , -0.00106445048004389, 0.0767944827675819
8.55394977072876E-10 , -0.000649412395432591, 0.0750854983925819
8.67894978107131E-10 , 0.00103027082514018, 0.0669739246368408
8.80394979141386E-10 , 6.59178040223196E-05, 0.0663330554962158
8.9289498017564E-10 , 0.000130614906083792, 0.0672913044691086
9.05394981209895E-10 , 0.000653074530418962, 0.0645203068852425
9.1789498224415E-10 , 0.000621336337644607, 0.055706825107336
9.30394983278404E-10 , 0.000312499207211658, 0.0642639622092247
9.42894984312659E-10 , -0.000141601209179498, 0.0672974064946175
9.55394985346913E-10 , 0.00116332713514566, 0.0652588307857513
9.67894986381168E-10 , 0.000573728990275413, 0.0680054202675819
9.80394987415423E-10 , 0.00011840790102724, 0.0683716312050819
