-9.88327419904067E-10 , -0.018371595069766, 0.101550363004208
-9.75827418869812E-10 , 0.00756836496293545, 0.0984070524573326
-9.63327417835558E-10 , 0.00573730887845159, 0.0979309752583504
-9.50827416801303E-10 , -0.0110473707318306, 0.0934265777468681
-9.38327415767048E-10 , -0.0142822368070483, 0.0888123139739037
-9.25827470243945E-10 , -0.0162353627383709, 0.0853272080421448
-9.1332746920969E-10 , -0.0164184682071209, 0.0805847719311714
-9.00827468175436E-10 , -0.0139160258695483, 0.0777344256639481
-8.88327467141181E-10 , -0.00341797107830644, 0.0793701708316803
-8.75827466106927E-10 , 0.00970459636300802, 0.0770752504467964
-8.63327465072672E-10 , -0.00683594215661287, 0.0745850130915642
-8.50827464038417E-10 , -0.00732422387227416, 0.0718689486384392
-8.38327463004163E-10 , 0.0308838114142418, 0.0710754916071892
-8.25827461969908E-10 , -0.00262451358139515, 0.0659546330571175
-8.13327460935653E-10 , -0.0238037277013063, 0.0672852024435997
-8.00827459901399E-10 , 0.0231933761388063, 0.0615539960563183
-7.88327458867144E-10 , 0.0344848893582821, 0.0608948171138763
-7.75827457832889E-10 , -0.0133056733757257, 0.0604553632438183
-7.63327456798635E-10 , -0.00781250558793545, 0.0599914975464344
-7.5082745576438E-10 , 0.0233154464513063, 0.0586182028055191
-7.38327454730126E-10 , -0.00970459636300802, 0.058087196201086
-7.25827453695871E-10 , -0.017822278663516, 0.0605774335563183
-7.13327452661616E-10 , -0.00555420340970159, 0.0594543851912022
-7.00827451627362E-10 , -0.0237426925450563, 0.0570312887430191
-6.88327450593107E-10 , -0.00683594215661287, 0.054840125143528
-6.75827449558852E-10 , 0.0258178897202015, 0.0565552152693272
-6.63327448524598E-10 , 0.0283203329890966, 0.0557739622890949
-6.50827447490343E-10 , -0.00225830241106451, 0.055218543857336
-6.38327446456088E-10 , -0.00775147043168545, 0.0472961738705635
-6.25827445421834E-10 , -0.0216064602136612, 0.056366004049778
-6.13327444387579E-10 , 0.00421142857521772, 0.0577026754617691
-6.00827443353325E-10 , 0.0123901460319757, 0.0491028167307377
-5.8832744231907E-10 , -0.00207519670948386, 0.0512756705284119
-5.75827441284815E-10 , -0.00427246419712901, 0.0577148832380772
-5.63327440250561E-10 , -0.000183105599717237, 0.0622986257076263
-5.50827439216306E-10 , 0.0220337063074112, 0.0639648884534836
-5.38327438182051E-10 , -0.0124511811882257, 0.0634094700217247
-5.25827437147797E-10 , -0.0260009951889515, 0.0625488683581352
-5.13327436113542E-10 , -0.000732422398868948, 0.0646912083029747
-5.00827435079287E-10 , -0.00360107677988708, 0.0662598088383675
-4.88327434045033E-10 , -0.0195923000574112, 0.0689087361097336
-4.75827433010778E-10 , -0.00360107677988708, 0.0724304690957069
-4.63327431976523E-10 , -0.0272827334702015, 0.0730347186326981
-4.50827430942269E-10 , -0.0272216983139515, 0.0740417987108231
-4.38327429908014E-10 , 0.0136718843132257, 0.0788940936326981
-4.2582742887376E-10 , 0.0120239341631532, 0.0798584520816803
-4.13327427839505E-10 , 0.00396728795021772, 0.0828369706869125
-4.0082742680525E-10 , -0.00427246419712901, 0.0840027406811714
-3.88327425770996E-10 , -0.0168457143008709, 0.0861633867025375
-3.75827424736741E-10 , -0.0134277436882257, 0.088061586022377
-3.63327423702486E-10 , -0.00463867513462901, 0.093035951256752
-3.50827422668232E-10 , -0.0136718843132257, 0.0987305343151093
-3.38327449389553E-10 , -0.00695801293477416, 0.100030586123466
-3.25827448355298E-10 , -0.0015258799539879, 0.103826977312565
-3.13327447321043E-10 , -0.0112304771319032, 0.105694651603699
-3.00827446286789E-10 , 0.0051879920065403, 0.106610178947449
-2.88327445252534E-10 , 0.00433349935337901, 0.109387278556824
-2.7582744421828E-10 , 0.00189209124073386, 0.113098219037056
-2.63327443184025E-10 , 0.00585937919095159, 0.114422686398029
-2.5082744214977E-10 , 0.019470227882266, 0.11704109609127
-2.38327441115516E-10 , 0.0225830245763063, 0.12021492421627
-2.25827440081261E-10 , -0.00646973121911287, 0.120263755321503
-2.13327439047006E-10 , 0.00311279529705644, 0.122821129858494
-2.00827438012752E-10 , -0.00103759835474193, 0.128534018993378
-1.88327436978497E-10 , -0.0217895656824112, 0.127319425344467
-1.75827435944242E-10 , -0.00225830241106451, 0.130383387207985
-1.63327434909988E-10 , -0.0108032301068306, 0.133014008402824
-1.50827433875733E-10 , -0.0239257980138063, 0.136535733938217
-1.38327432841479E-10 , 0.0220337063074112, 0.137164399027824
-1.25827431807224E-10 , 0.0104980543255806, 0.140075773000717
-1.13327430772969E-10 , 0.00329590076580644, 0.143298432230949
-1.00827429738715E-10 , 0.00115966878365725, 0.139776706695557
-8.83274356433539E-11 , -0.0308838114142418, 0.142364606261253
-7.58274346090992E-11 , 0.0386963151395321, 0.141369730234146
-6.33274335748446E-11 , 0.0278930868953466, 0.143969818949699
-5.082743254059E-11 , -0.0161743275821209, 0.143603608012199
-3.83274315063353E-11 , -0.0303955301642418, 0.148291110992432
-2.58274322068042E-11 , -0.0407715141773224, 0.147552594542503
-1.33274320399113E-11 , -0.0213012844324112, 0.145703226327896
-8.27431710388044E-13 , -0.0371704362332821, 0.144452005624771
1.16725682938745E-11 , -0.0322265848517418, 0.147265732288361
2.41725684607674E-11 , -0.0228271652013063, 0.147186383605003
3.66725677602986E-11 , -0.0101928785443306, 0.143664643168449
4.91725687945532E-11 , -0.0128784272819757, 0.146374613046646
6.16725698288079E-11 , 0.00225830241106451, 0.144732758402824
7.41725708630625E-11 , -0.00292968959547579, 0.141949564218521
8.66725718973171E-11 , 0.018615735694766, 0.143603608012199
9.91725729315718E-11 , 0.0615234822034836, 0.143945410847664
1.11672567026933E-10 , -0.00372314709238708, 0.135089203715324
1.24172575000081E-10 , -0.0139770610257983, 0.136364832520485
1.36672576034336E-10 , -0.0133056733757257, 0.133789151906967
1.4917257706859E-10 , 0.00256347842514515, 0.133899018168449
1.61672564225057E-10 , 0.00109863362740725, 0.12949837744236
1.74172565259312E-10 , -0.0126953218132257, 0.129821866750717
1.86672566293566E-10 , -0.0116577232256532, 0.127270594239235
1.99172567327821E-10 , 0.0103759840130806, 0.125640958547592
2.11672568362076E-10 , -0.0319214090704918, 0.123376548290253
2.2417256939633E-10 , -0.0244140792638063, 0.123144619166851
2.36672570430585E-10 , 0.00384521763771772, 0.120025716722012
2.4917257146484E-10 , 0.000976563198491931, 0.114502035081387
2.61672572499094E-10 , -0.0050659216940403, 0.114788897335529
2.74172573533349E-10 , -0.0265503115952015, 0.110003739595413
2.86672574567604E-10 , -0.0262451358139515, 0.109332352876663
2.99172575601858E-10 , -0.0126953218132257, 0.105310127139091
3.11672576636113E-10 , -0.0053710974752903, 0.0991272628307343
3.24172577670367E-10 , -0.0133667085319757, 0.0975647643208504
3.36672578704622E-10 , -0.00354004162363708, 0.100299142301083
3.49172579738877E-10 , -0.0164184682071209, 0.088702455163002
3.61672580773131E-10 , -0.0319824442267418, 0.0914978682994843
3.74172581807386E-10 , -0.0292968954890966, 0.0883850678801537
3.86672582841641E-10 , 0.00897217448800802, 0.0868347734212875
3.99172583875895E-10 , 0.00445556966587901, 0.0858887284994125
4.1167258491015E-10 , -0.00561523856595159, 0.0813232958316803
4.24172585944405E-10 , -0.0118408286944032, 0.0772766619920731
4.36672586978659E-10 , -0.0230713058263063, 0.0771790072321892
4.49172588012914E-10 , -0.0129394624382257, 0.0762817934155464
4.61672561291593E-10 , -0.00817871652543545, 0.0692261233925819
4.74172590081423E-10 , -0.00201416155323386, 0.0677917972207069
4.86672591115678E-10 , 0.00665283668786287, 0.0625854954123497
4.99172592149932E-10 , 0.000854492769576609, 0.0643494129180908
5.11672593184187E-10 , -0.00817871652543545, 0.0672791004180908
5.24172594218442E-10 , -0.00323486560955644, 0.0596008710563183
5.36672595252696E-10 , -0.0119628990069032, 0.0622009709477425
5.49172596286951E-10 , -0.00238037272356451, 0.0591797269880772
5.61672597321206E-10 , -0.017456067726016, 0.0556274801492691
5.7417259835546E-10 , -0.0112304771319032, 0.058026161044836
5.86672599389715E-10 , -0.00164795038290322, 0.0560852438211441
5.99172600423969E-10 , -0.00183105596806854, 0.0550598539412022
6.11672601458224E-10 , -0.00604248465970159, 0.0533996932208538
6.24172602492479E-10 , -0.00610351981595159, 0.0534424185752869
6.36672603526733E-10 , -0.0152588002383709, 0.0517212264239788
6.49172604560988E-10 , -0.017639173194766, 0.0578857809305191
6.61672550084091E-10 , -6.10351999057457E-05, 0.054657019674778
6.74172551118346E-10 , 0.00445556966587901, 0.0526001341640949
6.86672552152601E-10 , 0.00360107677988708, 0.0544617064297199
6.99172553186855E-10 , -0.00469971029087901, 0.0564209371805191
7.1167255422111E-10 , -0.00891113933175802, 0.056195106357336
7.24172555255365E-10 , -0.0229492355138063, 0.0571228414773941
7.36672556289619E-10 , -0.0219116359949112, 0.0603332929313183
7.49172557323874E-10 , -0.0208740383386612, 0.0590576566755772
7.61672558358129E-10 , -0.0199585109949112, 0.0620483830571175
7.74172559392383E-10 , -0.0195923000574112, 0.0610474050045013
7.86672560426638E-10 , -0.0101928785443306, 0.0630798786878586
7.99172561460892E-10 , 0.0107421949505806, 0.0632507726550102
8.11672562495147E-10 , 0.00354004162363708, 0.0634460896253586
8.24172563529402E-10 , -0.00250244326889515, 0.0653259754180908
8.36672564563656E-10 , 0.00677490700036287, 0.0675049275159836
8.49172565597911E-10 , 0.000488281599245965, 0.0688415989279747
8.61672566632166E-10 , -0.00189209124073386, 0.0715942904353142
8.7417256766642E-10 , -0.0231323409825563, 0.0749512240290642
8.86672568700675E-10 , -0.0384521745145321, 0.0793213397264481
8.9917256973493E-10 , -0.000427246384788305, 0.0858337953686714
9.11672570769184E-10 , 0.0197143703699112, 0.0840759873390198
9.24172571803439E-10 , -0.017883313819766, 0.0910156890749931
9.36672628348845E-10 , -0.0261230655014515, 0.0914551392197609
9.49172629383099E-10 , 0.000122070399811491, 0.0884155854582787
9.61672630417354E-10 , 0.0123291099444032, 0.0975342467427254
9.74172631451609E-10 , -0.0050659216940403, 0.0988892242312431
9.86672632485863E-10 , -0.0123291099444032, 0.10049445182085
