-9.88327419904067E-10 , 0.00805664621293545, 0.101300120353699
-9.75827418869812E-10 , 0.017028821632266, 0.0930603668093681
-9.63327417835558E-10 , 0.0121460044756532, 0.086077943444252
-9.50827416801303E-10 , -0.0220947414636612, 0.0818604081869125
-9.38327415767048E-10 , -0.0200195461511612, 0.0755188539624214
-9.25827470243945E-10 , -0.0208130031824112, 0.0718628391623497
-9.1332746920969E-10 , -0.0097656324505806, 0.0625183507800102
-9.00827468175436E-10 , -0.00909424480050802, 0.0630859807133675
-8.88327467141181E-10 , 0.0147705180570483, 0.0598205961287022
-8.75827466106927E-10 , 0.00177002081181854, 0.0587219633162022
-8.63327465072672E-10 , 0.0249633975327015, 0.0586792379617691
-8.50827464038417E-10 , 0.0238647628575563, 0.0595825612545013
-8.38327463004163E-10 , -0.0244751144200563, 0.0605713315308094
-8.25827461969908E-10 , -0.0336914286017418, 0.0684631839394569
-8.13327460935653E-10 , -0.0054931677877903, 0.0750244632363319
-8.00827459901399E-10 , 0.0113525474444032, 0.0793091356754303
-7.88327458867144E-10 , 0.000122070399811491, 0.0870361924171448
-7.75827457832889E-10 , 0.018066419288516, 0.0948731154203415
-7.63327456798635E-10 , 0.0110473707318306, 0.104010082781315
-7.5082745576438E-10 , -0.00482178060337901, 0.107415847480297
-7.38327454730126E-10 , -0.00567627372220159, 0.113537676632404
-7.25827453695871E-10 , -0.00280761928297579, 0.119244463741779
-7.13327452661616E-10 , -0.00939942058175802, 0.126214683055878
-7.00827451627362E-10 , -0.0097656324505806, 0.13218392431736
-6.88327450593107E-10 , -0.000732422398868948, 0.136328220367432
-6.75827449558852E-10 , 0.00402832310646772, 0.135992527008057
-6.63327448524598E-10 , 0.00769043527543545, 0.138256937265396
-6.50827447490343E-10 , 0.00201416155323386, 0.140380948781967
-6.38327446456088E-10 , -0.00451660482212901, 0.138086035847664
-6.25827445421834E-10 , 0.00854492839425802, 0.137139990925789
-6.13327444387579E-10 , -0.0211181789636612, 0.136193946003914
-6.00827443353325E-10 , -0.00823975168168545, 0.132952973246574
-5.8832744231907E-10 , -0.0197754055261612, 0.126220792531967
-5.75827441284815E-10 , -0.00958252605050802, 0.120727621018887
-5.63327440250561E-10 , -0.0213623195886612, 0.112915113568306
-5.50827439216306E-10 , 0.0249633975327015, 0.104760810732841
-5.38327438182051E-10 , 0.018981946632266, 0.0932129546999931
-5.25827437147797E-10 , -0.017822278663516, 0.090899720788002
-5.13327436113542E-10 , 0.00732422387227416, 0.0856995210051537
-5.00827435079287E-10 , -0.0097656324505806, 0.0781799852848053
-4.88327434045033E-10 , -0.0113525474444032, 0.0743652880191803
-4.75827433010778E-10 , 0.000793457613326609, 0.0710632801055908
-4.63327431976523E-10 , -0.0116577232256532, 0.0722900852560997
-4.50827430942269E-10 , -0.0375366471707821, 0.0615906193852425
-4.38327429908014E-10 , -0.0229492355138063, 0.0591064840555191
-4.2582742887376E-10 , -0.0245971847325563, 0.0645996555685997
-4.13327427839505E-10 , 0.00415039341896772, 0.0624023862183094
-4.0082742680525E-10 , -0.00213623209856451, 0.0578674711287022
-3.88327425770996E-10 , 0.0131836030632257, 0.0616394467651844
-3.75827424736741E-10 , -0.00323486560955644, 0.0689880847930908
-3.63327423702486E-10 , -0.00286865443922579, 0.0729492679238319
-3.50827422668232E-10 , 0.0144043071195483, 0.0821655839681625
-3.38327449389553E-10 , 0.00427246419712901, 0.093402162194252
-3.25827448355298E-10 , 0.000427246384788305, 0.0946594923734665
-3.13327447321043E-10 , -0.0105590894818306, 0.103198312222958
-3.00827446286789E-10 , -0.0103759840130806, 0.108648754656315
-2.88327445252534E-10 , -0.0125732515007257, 0.115911945700645
-2.7582744421828E-10 , -0.00128173921257257, 0.12137459218502
-2.63327443184025E-10 , -0.00299072475172579, 0.126336753368378
-2.5082744214977E-10 , -0.00653076637536287, 0.131903171539307
-2.38327441115516E-10 , -0.0142212016507983, 0.134216398000717
-2.25827440081261E-10 , -0.00811768136918545, 0.139575287699699
-2.13327439047006E-10 , 0.00378418248146772, 0.136523529887199
-2.00827438012752E-10 , 0.0052490271627903, 0.143921002745628
-1.88327436978497E-10 , -0.00927735026925802, 0.141442969441414
-1.75827435944242E-10 , -0.019165052101016, 0.137432962656021
-1.63327434909988E-10 , 0.0131836030632257, 0.13261117041111
-1.50827433875733E-10 , -0.000732422398868948, 0.130615323781967
-1.38327432841479E-10 , 6.10351999057457E-05, 0.124780356884003
-1.25827431807224E-10 , 0.0312500223517418, 0.119885332882404
-1.13327430772969E-10 , -0.0126953218132257, 0.112701490521431
-1.00827429738715E-10 , -0.0217285305261612, 0.105951003730297
-8.83274356433539E-11 , -0.0249633975327015, 0.0965027511119843
-7.58274346090992E-11 , -0.0278930868953466, 0.0906433761119843
-6.33274335748446E-11 , -0.0236206222325563, 0.0890747681260109
-5.082743254059E-11 , -0.00573730887845159, 0.0731201693415642
-3.83274315063353E-11 , 0.018432630226016, 0.0718872547149658
-2.58274322068042E-11 , -0.00909424480050802, 0.0664001926779747
-1.33274320399113E-11 , -0.0208130031824112, 0.0642578601837158
-8.27431710388044E-13 , 0.00335693592205644, 0.0611023381352425
1.16725682938745E-11 , -0.0130004975944757, 0.0604797787964344
2.41725684607674E-11 , -0.0253906436264515, 0.0606323666870594
3.66725677602986E-11 , -0.00659180153161287, 0.0596985258162022
4.91725687945532E-11 , -0.0106201246380806, 0.0594482831656933
6.16725698288079E-11 , -0.0269775576889515, 0.0700928196310997
7.41725708630625E-11 , -0.0255737490952015, 0.0740845203399658
8.66725718973171E-11 , -0.0202636867761612, 0.0759277865290642
9.91725729315718E-11 , -0.00354004162363708, 0.0860352143645287
1.11672567026933E-10 , 0.000732422398868948, 0.0896851196885109
1.24172575000081E-10 , 0.00122070405632257, 0.0957886427640915
1.36672576034336E-10 , 0.00134277436882257, 0.105011060833931
1.4917257706859E-10 , 0.0125122163444757, 0.108654856681824
1.61672564225057E-10 , 0.00860596355050802, 0.116449058055878
1.74172565259312E-10 , -0.00823975168168545, 0.124444663524628
1.86672566293566E-10 , 0.00128173921257257, 0.126837238669395
1.99172567327821E-10 , -0.018432630226016, 0.129699796438217
2.11672568362076E-10 , 0.00115966878365725, 0.134271338582039
2.2417256939633E-10 , 0.00115966878365725, 0.139782816171646
2.36672570430585E-10 , -0.00933838542550802, 0.140997409820557
2.4917257146484E-10 , -0.00604248465970159, 0.142419531941414
2.61672572499094E-10 , 0.000183105599717237, 0.140478610992432
2.74172573533349E-10 , -0.0148315532132983, 0.139062598347664
2.86672574567604E-10 , -0.0264892764389515, 0.137115567922592
2.99172575601858E-10 , -0.0144653422757983, 0.127929776906967
3.11672576636113E-10 , -0.00329590076580644, 0.122326746582985
3.24172577670367E-10 , 0.000366211199434474, 0.119683921337128
3.36672578704622E-10 , -0.0243530441075563, 0.111840896308422
3.49172579738877E-10 , -0.00787354074418545, 0.102404855191708
3.61672580773131E-10 , -0.00244140811264515, 0.0944031402468681
3.74172581807386E-10 , -0.0102539137005806, 0.0894898101687431
3.86672582841641E-10 , -0.00946045573800802, 0.0857910737395287
3.99172583875895E-10 , -0.00408935826271772, 0.0789124071598053
4.1167258491015E-10 , 0.0108642652630806, 0.0699646472930908
4.24172585944405E-10 , 0.018371595069766, 0.0682861804962158
4.36672586978659E-10 , -0.0050659216940403, 0.0637207478284836
4.49172588012914E-10 , 0.00317383045330644, 0.0612610280513763
4.61672561291593E-10 , -0.00823975168168545, 0.0629944279789925
4.74172590081423E-10 , -0.0316772684454918, 0.0610351972281933
4.86672591115678E-10 , -0.0326538309454918, 0.0634277760982513
4.99172592149932E-10 , -0.0332641825079918, 0.0670715793967247
5.11672593184187E-10 , -0.0197143703699112, 0.0634949132800102
5.24172594218442E-10 , 0.0148925883695483, 0.0716431140899658
5.36672595252696E-10 , 0.0216674953699112, 0.0785034745931625
5.49172596286951E-10 , -0.0682983919978142, 0.0847351625561714
5.61672597321206E-10 , 0.0274658408015966, 0.0916809737682343
5.7417259835546E-10 , 0.0294189658015966, 0.0976380035281181
5.86672599389715E-10 , -0.0115356529131532, 0.106317214667797
5.99172600423969E-10 , -0.00903320964425802, 0.110333330929279
6.11672601458224E-10 , 0.000183105599717237, 0.119165122509003
6.24172602492479E-10 , 0.0202026516199112, 0.122503742575645
6.36672603526733E-10 , 0.017089856788516, 0.128930747509003
6.49172604560988E-10 , 0.0302734598517418, 0.131823822855949
6.61672550084091E-10 , -0.00933838542550802, 0.135803312063217
6.74172551118346E-10 , -0.0119018638506532, 0.138763517141342
6.86672552152601E-10 , 0.00463867513462901, 0.142681986093521
6.99172553186855E-10 , -0.00573730887845159, 0.143188580870628
7.1167255422111E-10 , -0.0105590894818306, 0.139172464609146
7.24172555255365E-10 , -0.019287122413516, 0.138330176472664
7.36672556289619E-10 , -0.0208740383386612, 0.133679285645485
7.49172557323874E-10 , -0.018249524757266, 0.126696869730949
7.61672558358129E-10 , -0.0297851767390966, 0.119714438915253
7.74172559392383E-10 , 0.0279541220515966, 0.114398270845413
7.86672560426638E-10 , -0.00695801293477416, 0.105908274650574
7.99172561460892E-10 , -0.0228882003575563, 0.101513743400574
8.11672562495147E-10 , -0.0385132096707821, 0.0929993316531181
8.24172563529402E-10 , -0.00714111840352416, 0.0884216949343681
8.36672564563656E-10 , -0.00695801293477416, 0.0812744721770287
8.49172565597911E-10 , 0.0232544112950563, 0.0763977542519569
8.61672566632166E-10 , 0.052551306784153, 0.0735046863555908
8.7417256766642E-10 , 0.00842285715043545, 0.0676086917519569
8.86672568700675E-10 , 0.00317383045330644, 0.0643982365727425
8.9917256973493E-10 , 0.0126342866569757, 0.0626465305685997
9.11672570769184E-10 , 0.0317383036017418, 0.0597839765250683
9.24172571803439E-10 , -0.0140380961820483, 0.0548950582742691
9.36672628348845E-10 , 0.0296631064265966, 0.0623718686401844
9.49172629383099E-10 , -0.00250244326889515, 0.0654053166508675
9.61672630417354E-10 , -0.017028821632266, 0.0731140673160553
9.74172631451609E-10 , -0.00817871652543545, 0.0795898959040642
9.86672632485863E-10 , -0.000122070399811491, 0.0810547396540642
