-9.88327419904067E-10 , 0.00238037272356451, 0.110980302095413
-9.75827418869812E-10 , 0.0253296084702015, 0.11832283437252
-9.63327417835558E-10 , -0.00323486560955644, 0.119580157101154
-9.50827416801303E-10 , 0.0054931677877903, 0.122216880321503
-9.38327415767048E-10 , 0.0272827334702015, 0.132531821727753
-9.25827470243945E-10 , -0.0109863355755806, 0.135211274027824
-9.1332746920969E-10 , 0.000366211199434474, 0.133837983012199
-9.00827468175436E-10 , 0.00250244326889515, 0.136920258402824
-8.88327467141181E-10 , 0.0051269568502903, 0.140521332621574
-8.75827466106927E-10 , 0.0014038096414879, 0.137439057230949
-8.63327465072672E-10 , -0.0221557784825563, 0.139270111918449
-8.50827464038417E-10 , -0.0167846791446209, 0.137890726327896
-8.38327463004163E-10 , -0.0266723819077015, 0.136261075735092
-8.25827461969908E-10 , -0.0287475790828466, 0.134466648101807
-8.13327460935653E-10 , 0.00305175990797579, 0.134411707520485
-8.00827459901399E-10 , -0.00225830241106451, 0.133001804351807
-7.88327458867144E-10 , 0.0098877027630806, 0.126965418457985
-7.75827457832889E-10 , 0.00695801293477416, 0.117565996944904
-7.63327456798635E-10 , -0.0138549907132983, 0.113934405148029
-7.5082745576438E-10 , -0.0102539137005806, 0.109326243400574
-7.38327454730126E-10 , 0.00720215355977416, 0.104333564639091
-7.25827453695871E-10 , -0.0393066704273224, 0.0982483550906181
-7.13327452661616E-10 , 0.0150146596133709, 0.0941162779927254
-7.00827451627362E-10 , -0.019104016944766, 0.0902466475963593
-6.88327450593107E-10 , 0.000793457613326609, 0.0834168046712875
-6.75827449558852E-10 , -0.00323486560955644, 0.0760071352124214
-6.63327448524598E-10 , -0.0252075381577015, 0.0740051791071892
-6.50827447490343E-10 , 0.00292968959547579, 0.0701538547873497
-6.38327446456088E-10 , -0.051452673971653, 0.0602905675768852
-6.25827445421834E-10 , 0.017272962257266, 0.0627930089831352
-6.13327444387579E-10 , -6.10351999057457E-05, 0.0599792897701263
-6.00827443353325E-10 , 0.0101318433880806, 0.0598144941031933
-5.8832744231907E-10 , 0.00793457590043545, 0.055908240377903
-5.75827441284815E-10 , 0.0106201246380806, 0.0596924237906933
-5.63327440250561E-10 , -0.00189209124073386, 0.0595642514526844
-5.50827439216306E-10 , -0.00909424480050802, 0.0599548742175102
-5.38327438182051E-10 , -0.00408935826271772, 0.0621155202388763
-5.25827437147797E-10 , -0.00457763997837901, 0.0674683079123497
-5.13327436113542E-10 , -0.00756836496293545, 0.0755188539624214
-5.00827435079287E-10 , -0.00347900646738708, 0.0807922929525375
-4.88327434045033E-10 , -0.019348157569766, 0.0818665102124214
-4.75827433010778E-10 , 0.0140991313382983, 0.087237611413002
-4.63327431976523E-10 , 0.0139160258695483, 0.093859925866127
-4.50827430942269E-10 , -0.0153808705508709, 0.0953980162739754
-4.38327429908014E-10 , 0.0102539137005806, 0.108343578875065
-4.2582742887376E-10 , 0.0123901460319757, 0.115283280611038
-4.13327427839505E-10 , 0.017761243507266, 0.120550617575645
-4.0082742680525E-10 , 0.00201416155323386, 0.120575033128262
-3.88327425770996E-10 , 0.00122070405632257, 0.128314301371574
-3.75827424736741E-10 , -0.019470227882266, 0.131585776805878
-3.63327423702486E-10 , -0.0167236439883709, 0.134893894195557
-3.50827422668232E-10 , 0.00170898553915322, 0.137817472219467
-3.38327449389553E-10 , 0.0120849693194032, 0.138330176472664
-3.25827448355298E-10 , -0.0357666276395321, 0.139489844441414
-3.13327447321043E-10 , -0.00299072475172579, 0.140167325735092
-3.00827446286789E-10 , 0.0118408286944032, 0.138299658894539
-2.88327445252534E-10 , -0.00225830241106451, 0.137933447957039
-2.7582744421828E-10 , 0.00433349935337901, 0.136804297566414
-2.63327443184025E-10 , -0.00384521763771772, 0.135095313191414
-2.5082744214977E-10 , 0.000671387184411287, 0.131872653961182
-2.38327441115516E-10 , -0.0147094829007983, 0.12540902197361
-2.25827440081261E-10 , -0.0256347842514515, 0.123364344239235
-2.13327439047006E-10 , -0.052307166159153, 0.11606453359127
-2.00827438012752E-10 , -0.00128173921257257, 0.112774737179279
-1.88327436978497E-10 , -0.0131225679069757, 0.107373118400574
-1.75827435944242E-10 , 0.00622559059411287, 0.0991882979869843
-1.63327434909988E-10 , 0.0211792141199112, 0.0938660278916359
-1.50827433875733E-10 , 0.0165405385196209, 0.0890503525733948
-1.38327432841479E-10 , 0.0454712249338627, 0.0847046449780464
-1.25827431807224E-10 , 0.0158691518008709, 0.0768188983201981
-1.13327430772969E-10 , 0.000244140799622983, 0.0731262713670731
-1.00827429738715E-10 , -0.0125122163444757, 0.0707214847207069
-8.83274356433539E-11 , -0.00762940011918545, 0.0637878850102425
-7.58274346090992E-11 , -0.00317383045330644, 0.0613708905875683
-6.33274335748446E-11 , -0.00946045573800802, 0.0640381276607513
-5.082743254059E-11 , -0.00183105596806854, 0.0612060949206352
-3.83274315063353E-11 , -0.0141601664945483, 0.0582031644880772
-2.58274322068042E-11 , -0.0236816573888063, 0.0589661039412022
-1.33274320399113E-11 , -0.0111694419756532, 0.0588318258523941
-8.27431710388044E-13 , 0.00299072475172579, 0.0581665448844433
1.16725682938745E-11 , 0.00219726725481451, 0.0598938390612602
2.41725684607674E-11 , -0.0231933761388063, 0.0668579563498497
3.66725677602986E-11 , -0.017517102882266, 0.0732483416795731
4.91725687945532E-11 , -0.00122070405632257, 0.0774414613842964
6.16725698288079E-11 , 0.0221557784825563, 0.0797852128744125
7.41725708630625E-11 , -0.0049438513815403, 0.0853516235947609
8.66725718973171E-11 , -0.0144043071195483, 0.0879456177353859
9.91725729315718E-11 , 0.0581055097281933, 0.0967346876859665
1.11672567026933E-10 , -0.0117187583819032, 0.104516670107841
1.24172575000081E-10 , -0.0132446382194757, 0.109057694673538
1.36672576034336E-10 , -0.00347900646738708, 0.111541822552681
1.4917257706859E-10 , 0.00402832310646772, 0.120282061398029
1.61672564225057E-10 , -0.00268554873764515, 0.12479867041111
1.74172565259312E-10 , -0.00628662575036287, 0.128796473145485
1.86672566293566E-10 , 0.0129394624382257, 0.13242806494236
1.99172567327821E-10 , -0.0211181789636612, 0.135766699910164
2.11672568362076E-10 , -0.0271606631577015, 0.137609958648682
2.2417256939633E-10 , -0.053100623190403, 0.137548923492432
2.36672570430585E-10 , -0.0150756947696209, 0.139398291707039
2.4917257146484E-10 , -0.018249524757266, 0.139038175344467
2.61672572499094E-10 , -0.0258789248764515, 0.139532566070557
2.74172573533349E-10 , 0.00109863362740725, 0.137066751718521
2.86672574567604E-10 , -0.017272962257266, 0.137268155813217
2.99172575601858E-10 , -0.018676770851016, 0.132861420512199
3.11672576636113E-10 , -0.00469971029087901, 0.133075043559074
3.24172577670367E-10 , 0.0111694419756532, 0.126696869730949
3.36672578704622E-10 , 0.0139770610257983, 0.122729577124119
3.49172579738877E-10 , -0.0130004975944757, 0.112976148724556
3.61672580773131E-10 , -0.0156250111758709, 0.10574958473444
3.74172581807386E-10 , 0.00604248465970159, 0.102465890347958
3.86672582841641E-10 , -0.00689697777852416, 0.0998841002583504
3.99172583875895E-10 , 0.00280761928297579, 0.0922913253307343
4.1167258491015E-10 , 0.0137939555570483, 0.0859619751572609
4.24172585944405E-10 , 0.0113525474444032, 0.0849609971046448
4.36672586978659E-10 , 0.0130004975944757, 0.0759522020816803
4.49172588012914E-10 , 0.0195312649011612, 0.0746643543243408
4.61672561291593E-10 , 0.0243530441075563, 0.0698364749550819
4.74172590081423E-10 , -0.0052490271627903, 0.0621277280151844
4.86672591115678E-10 , -0.0247192550450563, 0.057751502841711
4.99172592149932E-10 , -0.0212402492761612, 0.0613830983638763
5.11672593184187E-10 , 0.0148315532132983, 0.0590149313211441
5.24172594218442E-10 , 0.00854492839425802, 0.0613953061401844
5.36672595252696E-10 , 0.0114135826006532, 0.0545715689659119
5.49172596286951E-10 , 0.0158691518008709, 0.0581055097281933
5.61672597321206E-10 , -0.00799561105668545, 0.0608276799321175
5.7417259835546E-10 , -0.0126342866569757, 0.0581726469099522
5.86672599389715E-10 , 0.00811768136918545, 0.0688171833753586
5.99172600423969E-10 , 0.019226087257266, 0.0734497606754303
6.11672601458224E-10 , -0.00384521763771772, 0.0770813524723053
6.24172602492479E-10 , -0.0098877027630806, 0.0778931230306625
6.36672603526733E-10 , -0.0287475790828466, 0.0898682251572609
6.49172604560988E-10 , -0.0167846791446209, 0.0928040221333504
6.61672550084091E-10 , 0.0164184682071209, 0.0966248214244843
6.74172551118346E-10 , 0.018493665382266, 0.106463693082333
6.86672552152601E-10 , 0.00897217448800802, 0.111212231218815
6.99172553186855E-10 , 0.0136108491569757, 0.115466386079788
7.1167255422111E-10 , 0.0127563569694757, 0.123230062425137
7.24172555255365E-10 , 0.0124511811882257, 0.128112882375717
7.36672556289619E-10 , 0.00885010417550802, 0.125811859965324
7.49172557323874E-10 , 0.0052490271627903, 0.129797458648682
7.61672558358129E-10 , 0.00415039341896772, 0.135070890188217
7.74172559392383E-10 , -0.00677490700036287, 0.138049408793449
7.86672560426638E-10 , -0.0138549907132983, 0.135327234864235
7.99172561460892E-10 , -0.00476074544712901, 0.145337015390396
8.11672562495147E-10 , -0.0228882003575563, 0.141565039753914
8.24172563529402E-10 , -0.0244140792638063, 0.135687351226807
8.36672564563656E-10 , -0.0136718843132257, 0.140924170613289
8.49172565597911E-10 , -0.00372314709238708, 0.138140961527824
8.61672566632166E-10 , -0.00592041434720159, 0.134094327688217
8.7417256766642E-10 , 0.00463867513462901, 0.123767174780369
8.86672568700675E-10 , 0.0260620303452015, 0.124060146510601
8.9917256973493E-10 , -0.0326538309454918, 0.119818195700645
9.11672570769184E-10 , 0.00170898553915322, 0.11655281484127
9.24172571803439E-10 , 0.0052490271627903, 0.109564282000065
9.36672628348845E-10 , 0.00402832310646772, 0.10513923317194
9.49172629383099E-10 , -0.00616455497220159, 0.0993714034557343
9.61672630417354E-10 , 0.0210571438074112, 0.092913880944252
9.74172631451609E-10 , -0.00646973121911287, 0.0893067046999931
9.86672632485863E-10 , -0.00952149089425802, 0.0825134813785553
