-9.97930960089377E-10 , -0.00256347842514515, 0.0515869483351707
-9.85430959055122E-10 , -0.019470227882266, 0.056134071201086
-9.72930958020868E-10 , 0.00213623209856451, 0.0503418296575546
-9.60430956986613E-10 , 0.00793457590043545, 0.0560547262430191
-9.47930955952359E-10 , 0.000854492769576609, 0.0562012121081352
-9.35430954918104E-10 , -0.000183105599717237, 0.054821815341711
-9.22931009395001E-10 , -0.00408935826271772, 0.0581848546862602
-9.10431008360746E-10 , -0.018005384132266, 0.056579627096653
-8.97931007326491E-10 , -0.018981946632266, 0.0532776229083538
-8.85431006292237E-10 , 0.00170898553915322, 0.0549683012068272
-8.72931005257982E-10 , -0.00659180153161287, 0.0582764074206352
-8.60431004223727E-10 , -0.0158691518008709, 0.0532165877521038
-8.47931003189473E-10 , -0.00726318871602416, 0.053845252841711
-8.35431002155218E-10 , 0.00360107677988708, 0.0523804053664207
-8.22931001120963E-10 , -0.0156860463321209, 0.0536987669765949
-8.10431000086709E-10 , -0.00408935826271772, 0.0523132681846619
-7.97930999052454E-10 , 0.00793457590043545, 0.0521911978721619
-7.85430998018199E-10 , 0.0195923000574112, 0.0540344603359699
-7.72930996983945E-10 , 0.018371595069766, 0.0497681014239788
-7.6043099594969E-10 , -0.00128173921257257, 0.0528015494346619
-7.47930994915436E-10 , 0.0112915122881532, 0.053070105612278
-7.35430993881181E-10 , 0.0130004975944757, 0.0568725988268852
-7.22930992846926E-10 , 0.0225830245763063, 0.0539612174034119
-7.10430991812672E-10 , 0.0135498140007257, 0.0513672232627869
-6.97930990778417E-10 , 0.00781250558793545, 0.0530273802578449
-6.85430989744162E-10 , -0.018005384132266, 0.055358923971653
-6.72930988709908E-10 , -0.0335693582892418, 0.055493202060461
-6.60430987675653E-10 , 0.000244140799622983, 0.0538818724453449
-6.47930986641398E-10 , -0.0114135826006532, 0.054718054831028
-6.35430985607144E-10 , -0.0269775576889515, 0.0527710318565369
-6.22930984572889E-10 , -0.0299682840704918, 0.0555176176130772
-6.10430983538635E-10 , -0.019409192726016, 0.053112830966711
-5.9793098250438E-10 , 0.00854492839425802, 0.054516639560461
-5.85430981470125E-10 , 0.017700208351016, 0.0532715208828449
-5.72930980435871E-10 , 0.0164184682071209, 0.0516479834914207
-5.60430979401616E-10 , -0.00622559059411287, 0.052948035299778
-5.47930978367361E-10 , -0.017456067726016, 0.0531799681484699
-5.35430977333107E-10 , -0.017333997413516, 0.0526367537677288
-5.22930976298852E-10 , -0.00372314709238708, 0.0528747923672199
-5.10430975264597E-10 , 0.00445556966587901, 0.056073036044836
-4.97930974230343E-10 , 0.0103149488568306, 0.0549683012068272
-4.85430973196088E-10 , -0.00878906901925802, 0.054992713034153
-4.72930972161834E-10 , -0.00817871652543545, 0.054534949362278
-4.60430998883155E-10 , -0.0217895656824112, 0.0548645406961441
-4.479309978489E-10 , -0.0393677055835724, 0.0543884634971619
-4.35430996814645E-10 , 0.0168457143008709, 0.054718054831028
-4.22930995780391E-10 , 0.00573730887845159, 0.0538086295127869
-4.10430994746136E-10 , 0.0115966880694032, 0.053192175924778
-3.97930993711881E-10 , -0.0145263774320483, 0.0538086295127869
-3.85430992677627E-10 , -0.0153808705508709, 0.0535156615078449
-3.72930991643372E-10 , -0.00903320964425802, 0.0529358275234699
-3.60430990609117E-10 , 0.0054931677877903, 0.053466834127903
-3.47930989574863E-10 , 0.00726318871602416, 0.0550171285867691
-3.35430988540608E-10 , 0.00238037272356451, 0.055432166904211
-3.22930987506354E-10 , -0.0304565653204918, 0.056915320456028
-3.10430986472099E-10 , -0.0241089034825563, 0.057171668857336
-2.97930985437844E-10 , 0.0159301869571209, 0.0562927648425102
-2.8543098440359E-10 , 0.0155029408633709, 0.0553772337734699
-2.72930983369335E-10 , -0.0133667085319757, 0.0551330931484699
-2.6043098233508E-10 , -0.0277710165828466, 0.0548157095909119
-2.47930981300826E-10 , 0.00195312639698386, 0.0544067770242691
-2.35430980266571E-10 , 0.00268554873764515, 0.0552734769880772
-2.22930979232316E-10 , 0.0126342866569757, 0.0559021383523941
-2.10430978198062E-10 , 0.00292968959547579, 0.055493202060461
-1.97930977163807E-10 , 0.0164184682071209, 0.0546142943203449
-1.85430976129553E-10 , 0.0136108491569757, 0.0559570677578449
-1.72930975095298E-10 , 0.0234985519200563, 0.0551208890974522
-1.60430987938831E-10 , 0.00408935826271772, 0.0550903715193272
-1.47930986904576E-10 , 0.00738525902852416, 0.0547241568565369
-1.35430985870322E-10 , 0.0106811597943306, 0.0523559935390949
-1.22930984836067E-10 , 0.0015258799539879, 0.0543396361172199
-1.10430983801812E-10 , -0.018310559913516, 0.0547973997890949
-9.79309827675579E-11 , -0.0205688625574112, 0.0554260648787022
-8.54309817333032E-11 , 0.00878906901925802, 0.0575500875711441
-7.29309806990486E-11 , -0.0143432719632983, 0.0566772855818272
-6.04309796647939E-11 , -0.0014038096414879, 0.053753700107336
-4.79309786305393E-11 , -0.00689697777852416, 0.0553039945662022
-3.54309810657316E-11 , 0.00726318871602416, 0.0557495504617691
-2.2930980031477E-11 , -0.00421142857521772, 0.053772009909153
-1.04309798645841E-11 , -0.0226440597325563, 0.0571594648063183
2.06902030230882E-12 , 0.00427246419712901, 0.0585144460201263
1.45690213365635E-11 , -0.0117187583819032, 0.057720985263586
2.70690206360946E-11 , -0.0241089034825563, 0.0576782636344433
3.95690216703493E-11 , -0.0138549907132983, 0.0571289472281933
5.20690227046039E-11 , 0.0247192550450563, 0.0565430074930191
6.45690237388585E-11 , 0.0408935844898224, 0.0551391988992691
7.70690247731132E-11 , 0.0103759840130806, 0.0544006712734699
8.95690188684739E-11 , 0.0145874125882983, 0.0547546744346619
1.02069019902729E-10 , 0.0112304771319032, 0.0531189329922199
1.14569020936983E-10 , -0.00622559059411287, 0.0518249869346619
1.27069021971238E-10 , -0.00561523856595159, 0.0561401769518852
1.39569023005492E-10 , -0.00207519670948386, 0.057598914951086
1.52069024039747E-10 , -0.018676770851016, 0.055389441549778
1.64569025074002E-10 , -0.0140380961820483, 0.0534302107989788
1.77069026108256E-10 , -0.0288696493953466, 0.0557190328836441
1.89569027142511E-10 , -0.00134277436882257, 0.0551330931484699
2.02069028176766E-10 , 0.0101318433880806, 0.055450476706028
2.1456902921102E-10 , 0.0234985519200563, 0.057598914951086
2.27069030245275E-10 , 0.0207519680261612, 0.0567566305398941
2.3956903127953E-10 , -0.00439453450962901, 0.0553772337734699
2.52069032313784E-10 , 0.0155639760196209, 0.0558227933943272
2.64569033348039E-10 , 0.0098877027630806, 0.0585083402693272
2.77069034382293E-10 , 0.017883313819766, 0.0561462789773941
2.89569035416548E-10 , 0.00445556966587901, 0.0598022863268852
3.02069036450803E-10 , 0.00744629418477416, 0.0576660558581352
3.14569037485057E-10 , 0, 0.057006873190403
3.27069038519312E-10 , 0.00286865443922579, 0.0571899823844433
3.39569011797991E-10 , -0.00964356120675802, 0.0574036054313183
3.52069012832246E-10 , -0.00823975168168545, 0.0575806051492691
3.645690138665E-10 , 0.00256347842514515, 0.0557129271328449
3.77069014900755E-10 , -0.0228882003575563, 0.0564453527331352
3.8956901593501E-10 , 0.0054321326315403, 0.055432166904211
4.02069016969264E-10 , -0.0100708082318306, 0.0588745512068272
4.14569018003519E-10 , -0.0131836030632257, 0.0610290952026844
4.27069019037774E-10 , 0.000366211199434474, 0.0601684972643852
4.39569020072028E-10 , 0.00390625279396772, 0.0599243566393852
4.52069021106283E-10 , 0.0130004975944757, 0.0591492094099522
4.64569022140537E-10 , 0.0054321326315403, 0.0615601018071175
4.77069050930368E-10 , -0.0120849693194032, 0.0623779706656933
4.89569051964622E-10 , -0.00244140811264515, 0.055664099752903
5.02069052998877E-10 , 0.0159912221133709, 0.0599121488630772
5.14569054033132E-10 , -0.0228271652013063, 0.0611572675406933
5.27069055067386E-10 , 0.000976563198491931, 0.0588257238268852
5.3956900059049E-10 , 0.00256347842514515, 0.0617065839469433
5.52069001624744E-10 , 0.0281372275203466, 0.0584289953112602
5.64569002658999E-10 , 0.0236206222325563, 0.0618896894156933
5.77069003693254E-10 , -0.00415039341896772, 0.0621277280151844
5.89569004727508E-10 , 0.00311279529705644, 0.056823767721653
6.02069005761763E-10 , -0.00915527995675802, 0.0579162985086441
6.14569006796017E-10 , 0.00958252605050802, 0.0568909086287022
6.27069007830272E-10 , -0.00683594215661287, 0.0598999448120594
6.39569008864527E-10 , 0.00860596355050802, 0.0624512135982513
6.52069009898781E-10 , 0.00646973121911287, 0.0607849545776844
6.64569010933036E-10 , 0.00354004162363708, 0.0590942800045013
6.77069011967291E-10 , -0.0216064602136612, 0.0648926198482513
6.89569013001545E-10 , -0.0129394624382257, 0.0625671818852425
7.020690140358E-10 , -0.0123291099444032, 0.0574036054313183
7.14569015070055E-10 , -0.00280761928297579, 0.0642517507076263
7.27069016104309E-10 , 0.00848389323800802, 0.0611755773425102
7.39569017138564E-10 , -0.00134277436882257, 0.0628479421138763
7.52069018172818E-10 , 0.00183105596806854, 0.0627136677503586
7.64569019207073E-10 , -0.018066419288516, 0.0636413991451263
7.77069020241328E-10 , 0.0133667085319757, 0.0610535070300102
7.89569021275582E-10 , 0.0130004975944757, 0.0580078512430191
8.02069022309837E-10 , -0.0140380961820483, 0.0633728429675102
8.14569023344092E-10 , -0.0238037277013063, 0.0625000447034836
8.27069024378346E-10 , -0.017211927101016, 0.0613037534058094
8.39569025412601E-10 , -0.0208740383386612, 0.0627930089831352
8.52069026446856E-10 , -0.0128784272819757, 0.0651489719748497
8.6456902748111E-10 , -0.00482178060337901, 0.0649719685316086
8.77069028515365E-10 , 0.00646973121911287, 0.0637146458029747
8.89569029549619E-10 , -0.0212402492761612, 0.0627563893795013
9.02069030583874E-10 , 0.019409192726016, 0.0680664554238319
9.14569031618129E-10 , 0.00811768136918545, 0.0659058094024658
9.27069032652383E-10 , 0.00476074544712901, 0.0667236819863319
9.39568978175487E-10 , 0.0015258799539879, 0.0674438923597336
9.52068979209741E-10 , -0.017517102882266, 0.0614624433219433
9.64568980243996E-10 , 0.017089856788516, 0.0637939870357513
9.77068981278251E-10 , -0.0111084068194032, 0.0667847171425819
